rt_source,rt_target_predicted,ci_lower,ci_upper
2.39,0.4487187645334725,-0.1256994478138438,1.0231369768807888
2.4132932932932936,0.44999936415943165,-0.10546681504612265,1.0231369768807888
2.4365865865865866,0.45896356154114487,-0.07978941381267995,1.0231369768807888
2.45987987987988,0.4832949544343669,-0.04115604426174313,1.0231369768807888
2.4831731731731734,0.5306771405948515,0.017991757880985837,1.0433625233087171
2.5064664664664664,0.6087937177783519,0.10525258924268766,1.1123348463140161
2.52975975975976,0.7251296963279698,0.2280431154516947,1.2222162772042449
2.5530530530530533,0.868322819788543,0.37490522637117407,1.3617404132059119
2.5763463463463463,0.992907415179746,0.5002785783324559,1.485536252027036
2.5996396396396397,1.0556224379596333,0.5608471553453478,1.5503977205739188
2.622932932932933,1.0730063957448672,0.573173431571848,1.5728393599178865
2.646226226226226,1.084511679008678,0.5768389799068351,1.5921843781105207
2.6695195195195196,1.09595924859988,0.5778628438368056,1.6140556533629542
2.692812812812813,1.1073492496365986,0.5778628438368056,1.638231738992045
2.716106106106106,1.1186818272369634,0.5778628438368056,1.6644802619326806
2.7393993993993995,1.1299571265191002,0.5778628438368056,1.6925683479695577
2.762692692692693,1.1411752926011371,0.5778628438368056,1.722270751830148
2.785985985985986,1.1523364706012023,0.5778628438368056,1.7533754885013417
2.8092792792792793,1.1634408056374217,0.5778628438368056,1.7856872165576858
2.8325725725725728,1.174488442827923,0.5778628438368056,1.8190288119810707
2.8558658658658658,1.1854795272908374,0.5778628438368056,1.853241613445057
2.879159159159159,1.196414204144284,0.5778628438368056,1.888184774957076
2.9024524524524526,1.2072926185063995,0.5778628438368056,1.9237340778167025
2.925745745745746,1.218114915495305,0.5778628438368056,1.9597804631381104
2.949039039039039,1.228881240229131,0.5778628438368056,1.9962284656073486
2.9723323323323325,1.2395917378259989,0.5778628438368056,2.0329946650278385
2.9956256256256255,1.2502465534040503,0.5778628438368056,2.070006224910035
3.018918918918919,1.2608458320813998,0.5778628438368056,2.1071995544608444
3.0422122122122124,1.2713897189761783,0.5778628438368056,2.1445191086349906
3.065505505505506,1.281878359206514,0.5778628438368056,2.181916327372581
3.088798798798799,1.2923118978905381,0.5778628438368056,2.219348707267221
3.1120920920920923,1.302690480146368,0.5778628438368056,2.2567789947857215
3.1353853853853852,1.313014251092144,0.5778628438368056,2.2941744884366573
3.1586786786786787,1.3232833558459707,0.5778628438368056,2.331506437020745
3.181971971971972,1.3334979395260083,0.5778628438368056,2.368749521665819
3.2052652652652656,1.343658147250358,0.5778628438368056,2.4058814103533983
3.2285585585585586,1.3537641241371596,0.5778628438368056,2.442882374829752
3.251851851851852,1.3638160153045409,0.5778628438368056,2.4797349610101103
3.275145145145145,1.3738139658706272,0.5778628438368056,2.5164237051512854
3.2984384384384384,1.3837581209535381,0.5778628438368056,2.5529348891337174
3.321731731731732,1.3936486256714118,0.5778628438368056,2.589256329149238
3.3450250250250253,1.4034856251423686,0.5778628438368056,2.6253771929267673
3.3683183183183183,1.413269264484541,0.5778628438368056,2.661287841352893
3.3916116116116117,1.422999688816056,0.5778628438368056,2.696979690965211
3.4149049049049047,1.4326770432550304,0.5778628438368056,2.7324450943291074
3.438198198198198,1.4423014729196115,0.5778628438368056,2.7676772357576063
3.4614914914914916,1.4518731229279094,0.5778628438368056,2.8026700402168623
3.484784784784785,1.4613921383980781,0.5778628438368056,2.837418093584292
3.508078078078078,1.4708586644482091,0.5778628438368056,2.8719165726969234
3.5313713713713715,1.4802728461964472,0.5778628438368056,2.9061611838607444
3.5546646646646645,1.4896348287609118,0.5778628438368056,2.94014810868598
3.577957957957958,1.49894475725974,0.5778628438368056,2.9738739562776244
3.6012512512512513,1.508202776811063,0.5778628438368056,3.007335720950481
3.6245445445445448,1.5174090325329928,0.5778628438368056,3.0405307447567367
3.647837837837838,1.5265636695436806,0.5778628438368056,3.0734566842126974
3.671131131131131,1.5356668329612257,0.5778628438368056,3.106111480698921
3.694424424424424,1.5447186679037683,0.5778628438368056,3.138493334078025
3.7177177177177176,1.5537193194894396,0.5778628438368056,3.1706006791376473
3.741011011011011,1.5626689328363574,0.5778628438368056,3.202432164517913
3.7643043043043045,1.5715676530626714,0.5778628438368056,3.2339866338296055
3.787597597597598,1.5804156252864865,0.5778628438368056,3.2652631087043105
3.810890890890891,1.5892129946259341,0.5778628438368056,3.296260773555521
3.834184184184184,1.5979599061991243,0.5778628438368056,3.326978961854372
3.8574774774774774,1.606656505124232,0.5778628438368056,3.3574171437499274
3.880770770770771,1.6153029365193552,0.5778628438368056,3.3875749148850582
3.9040640640640643,1.6238993455026163,0.5778628438368056,3.417451986277426
3.9273573573573577,1.6324458771921537,0.5778628438368056,3.4470481751504654
3.9506506506506507,1.6409426767060902,0.5778628438368056,3.476363396612071
3.9739439439439437,1.6493898891625347,0.5778628438368056,3.505397656094
3.997237237237237,1.65778765967966,0.5778628438368056,3.5341510424712936
4.0205305305305306,1.6661361333755542,0.5778628438368056,3.562623721792662
4.043823823823824,1.674435455368369,0.5778628438368056,3.5908159315605652
4.067117117117117,1.6826857707762128,0.5778628438368056,3.6187279755053643
4.09041041041041,1.6908872247172153,0.5778628438368056,3.6463602188051576
4.113703703703703,1.6990399623095231,0.5778628438368056,3.6737130837084497
4.136996996996997,1.7071441286712445,0.5778628438368056,3.7007870455199585
4.16029029029029,1.7151998689205141,0.5778628438368056,3.727582628916206
4.183583583583584,1.7232073281754525,0.5778628438368056,3.754100404558987
4.206876876876877,1.731166651554193,0.5778628438368056,3.7803409859795183
4.230170170170171,1.7390779841748762,0.5778628438368056,3.806305026709069
4.253463463463463,1.746941471155595,0.5778628438368056,3.8319932176329434
4.276756756756757,1.7547572576145085,0.5778628438368056,3.857406284547919
4.30005005005005,1.7625254886697415,0.5778628438368056,3.88254498590603
4.3233433433433435,1.7702463094393999,0.5778628438368056,3.9074101107273247
4.346636636636637,1.7779198650416308,0.5778628438368056,3.932002476667803
4.3699299299299295,1.785546300594555,0.5778628438368056,3.9563229282290733
4.393223223223224,1.793125761216292,0.5778628438368056,3.9803723350974676
4.416516516516516,1.8006583920250037,0.5778628438368056,4.004151590602233
4.43980980980981,1.8081443381387678,0.5778628438368056,4.027661610282761
4.463103103103103,1.8155837446757392,0.5778628438368056,4.050903330555873
4.486396396396396,1.8229767567540573,0.5778628438368056,4.07387770747577
4.50968968968969,1.8303235194918093,0.5778628438368056,4.096585715577578
4.532982982982983,1.837624178007169,0.5778628438368056,4.119028346800087
4.556276276276276,1.8448788774182292,0.5778628438368056,4.141206609479765
4.5795695695695695,1.8520877628431287,0.5778628438368056,4.163121527411096
4.602862862862863,1.859250979400005,0.5778628438368056,4.184774138968655
4.626156156156156,1.8663686722069739,0.5778628438368056,4.206165496285254
4.649449449449449,1.8734409863821506,0.5778628438368056,4.227296664482765
4.672742742742743,1.88046806704371,0.5778628438368056,4.24816872095123
4.696036036036036,1.8874500593097316,0.5778628438368056,4.268782754672939
4.719329329329329,1.8943871082983523,0.5778628438368056,4.289139865588121
4.742622622622623,1.9012793591276949,0.5778628438368056,4.30924116399936
4.765915915915916,1.9081269569159343,0.5778628438368056,4.329087770011416
4.78920920920921,1.9149300467811352,0.5778628438368056,4.348680813004631
4.812502502502502,1.9216887738414496,0.5778628438368056,4.368021431139558
4.835795795795796,1.9284032832150222,0.5778628438368056,4.387110770889808
4.859089089089089,1.935073720019962,0.5778628438368056,4.405949986601966
4.882382382382382,1.9417002293743875,0.5778628438368056,4.424540240080516
4.905675675675676,1.948282956396451,0.5778628438368056,4.44288270019579
4.928968968968968,1.9548220462042523,0.5778628438368056,4.460978542514066
4.952262262262263,1.9613176439159425,0.5778628438368056,4.478828948947251
4.975555555555555,1.9677698946496436,0.5778628438368056,4.496435107422195
4.998848848848849,1.9741789435234822,0.5778628438368056,4.51379821156692
5.022142142142142,1.9805449356555767,0.5778628438368056,4.53091946041371
5.045435435435436,1.986868016164059,0.5778628438368056,4.547800058118014
5.068728728728729,1.9931483301670523,0.5778628438368056,4.564441213690995
5.092022022022022,1.9993860227827023,0.5778628438368056,4.580844140746056
5.115315315315316,2.0055812391290972,0.5778628438368056,4.597010057257875
5.1386086086086085,2.011734124324443,0.5778628438368056,4.612940185333617
5.161901901901902,2.017844823486785,0.5778628438368056,4.628635750994613
5.185195195195195,2.023913481734271,0.5778628438368056,4.644097983969271
5.208488488488488,2.0299402441850556,0.5778628438368056,4.659328117494711
5.231781781781782,2.0359252559572716,0.5778628438368056,4.674327388128688
5.255075075075075,2.041868662168991,0.5778628438368056,4.6890970355694215
5.278368368368368,2.047770607938374,0.5778628438368056,4.703638302483643
5.301661661661662,2.053631238383542,0.5778628438368056,4.717952434342434
5.324954954954955,2.0594506986226557,0.5778628438368056,4.732040679263678
5.3482482482482485,2.0652291337738085,0.5778628438368056,4.745904287861788
5.371541541541541,2.070966688955117,0.5778628438368056,4.759544513103829
5.394834834834835,2.076663509284768,0.5778628438368056,4.772962610170721
5.418128128128128,2.082319739880794,0.5778628438368056,4.786159836324547
5.441421421421421,2.0879355258614143,0.5778628438368056,4.799137450781634
5.464714714714715,2.0935110123447127,0.5778628438368056,4.811896714589326
5.488008008008007,2.0990463444488308,0.5778628438368056,4.824438890508594
5.511301301301302,2.1045416672918593,0.5778628438368056,4.836765242900119
5.534594594594594,2.109997125991963,0.5778628438368056,4.848877037615182
5.557887887887888,2.1154128656672784,0.5778628438368056,4.860775541889632
5.581181181181181,2.120789031435895,0.5778628438368056,4.872462024242312
5.6044744744744746,2.126125768415976,0.5778628438368056,4.883937754376317
5.627767767767768,2.1314232217256097,0.5778628438368056,4.895204003083785
5.6510610610610605,2.1366815364829623,0.5778628438368056,4.906262042153285
5.674354354354355,2.1419008578061467,0.5778628438368056,4.917113144280561
5.697647647647647,2.1470813308132857,0.5778628438368056,4.92775858298166
5.720940940940941,2.152223100622522,0.5778628438368056,4.938199632508624
5.744234234234234,2.1573263123519713,0.5778628438368056,4.948437567767567
5.767527527527527,2.162391111119731,0.5778628438368056,4.958473664238698
5.790820820820821,2.1674176420440032,0.5778628438368056,4.968309197898808
5.814114114114114,2.1724060502428197,0.5778628438368056,4.977945445145647
5.837407407407407,2.177356480834405,0.5778628438368056,4.987383682723705
5.860700700700701,2.182269078936804,0.5778628438368056,4.996625187652157
5.883993993993994,2.1871439896682254,0.5778628438368056,5.005671237154404
5.9072872872872875,2.1919813581466854,0.5778628438368056,5.01452310858824
5.93058058058058,2.1967813294904346,0.5778628438368056,5.0231820793792865
5.953873873873874,2.2015440488175413,0.5778628438368056,5.031649426953258
5.977167167167167,2.2062696612461212,0.5778628438368056,5.039926428671482
6.00046046046046,2.21095831189431,0.5778628438368056,5.048014361766657
6.023753753753754,2.2156101458802464,0.5778628438368056,5.055914503279487
6.047047047047046,2.2202253083220445,0.5778628438368056,5.063628129996804
6.070340340340341,2.224803944337868,0.5778628438368056,5.071156518390017
6.093633633633633,2.229346199045792,0.5778628438368056,5.078500944555037
6.1169269269269275,2.233852217563969,0.5778628438368056,5.085662684152158
6.14022022022022,2.2383221450105313,0.5778628438368056,5.09264301234734
6.1635135135135135,2.242756126503616,0.5778628438368056,5.099443203753616
6.186806806806807,2.2471543071613107,0.5778628438368056,5.1060645323733045
6.2101001001000995,2.251516832101773,0.5778628438368056,5.112508271540657
6.233393393393394,2.2558438464431334,0.5778628438368056,5.118775693864908
6.256686686686686,2.2601354953035244,0.5778628438368056,5.124868071173704
6.27997997997998,2.264391923801022,0.5778628438368056,5.13078667445717
6.303273273273273,2.2686132770538117,0.5778628438368056,5.136532773811734
6.326566566566567,2.2727997001799998,0.5778628438368056,5.142107638384787
6.34985985985986,2.276951338297723,0.5778628438368056,5.147512536318905
6.373153153153153,2.2810683365250783,0.5778628438368056,5.152748734696921
6.396446446446447,2.2851508399802363,0.5778628438368056,5.157817499486689
6.4197397397397395,2.2891989937813046,0.5778628438368056,5.1627200954859465
6.443033033033032,2.2932129430463895,0.5778628438368056,5.167457786267358
6.466326326326326,2.297192832893656,0.5778628438368056,5.1720318341234695
6.489619619619619,2.3011388084412037,0.5778628438368056,5.176443500011818
6.512912912912913,2.3050510148071632,0.5778628438368056,5.180694043499571
6.536206206206206,2.308929597109694,0.5778628438368056,5.184784722708601
6.5594994994995,2.312774700466891,0.5778628438368056,5.188716794259848
6.582792792792793,2.31658646999687,0.5778628438368056,5.192491513218132
6.606086086086085,2.3203650508177747,0.5778628438368056,5.196110133036306
6.62937937937938,2.324110588047768,0.5778628438368056,5.199573905499378
6.652672672672672,2.327823226804916,0.5778628438368056,5.202884080668347
6.6759659659659665,2.331503112207391,0.5778628438368056,5.206041906823895
6.699259259259259,2.33515038937332,0.5778628438368056,5.2090486304092405
6.722552552552552,2.338765203420771,0.5778628438368056,5.211905495973849
6.745845845845846,2.342347699467946,0.5778628438368056,5.214613746115113
6.7691391391391385,2.3458980226329484,0.5778628438368056,5.217174621421324
6.792432432432433,2.349416318033889,0.5778628438368056,5.219589360413111
6.815725725725725,2.352902730788896,0.5778628438368056,5.22185919948461
6.83901901901902,2.3563574060161074,0.5778628438368056,5.223985372845021
6.862312312312312,2.3597804888336364,0.5778628438368056,5.22596911245839
6.885605605605605,2.3631721243596524,0.5778628438368056,5.227811647984225
6.908898898898899,2.3665324577122275,0.5778628438368056,5.229514206716411
6.932192192192192,2.3698616340095544,0.5778628438368056,5.231078013522552
6.955485485485486,2.3731597983696866,0.5778628438368056,5.232504290782057
6.9787787787787785,2.3764270959108,0.5778628438368056,5.233794258324068
7.002072072072073,2.379663671751011,0.5778628438368056,5.2349491333649745
7.025365365365365,2.382869671008443,0.5778628438368056,5.2359701304445405
7.048658658658658,2.386045238801222,0.5778628438368056,5.236858461362256
7.071951951951952,2.389190520247468,0.5778628438368056,5.237615335112704
7.095245245245245,2.3923056604653268,0.5778628438368056,5.238241957820031
7.118538538538539,2.3953908045729246,0.5778628438368056,5.238739532672522
7.141831831831832,2.3984460976883746,0.5778628438368056,5.239109259855251
7.165125125125124,2.401471684929833,0.5778628438368056,5.239352336483266
7.1884184184184186,2.404467711415378,0.5778628438368056,5.239469956533597
7.211711711711711,2.40743432226318,0.5778628438368056,5.239469956533597
7.235005005005005,2.4103716625913365,0.5778628438368056,5.239469956533597
7.258298298298298,2.413279877518,0.5778628438368056,5.239469956533597
7.281591591591592,2.4161591121612873,0.5778628438368056,5.239469956533597
7.304884884884885,2.419009511639321,0.5778628438368056,5.239469956533597
7.328178178178177,2.421831221070268,0.5778628438368056,5.239469956533597
7.351471471471472,2.4246243855721894,0.5778628438368056,5.239469956533597
7.374764764764764,2.4273891502632496,0.5778628438368056,5.239469956533597
7.398058058058059,2.4301256602615635,0.5778628438368056,5.239469956533597
7.421351351351351,2.4328340606852934,0.5778628438368056,5.239469956533597
7.444644644644644,2.4355144966525177,0.5778628438368056,5.239469956533597
7.467937937937938,2.438167113281369,0.5778628438368056,5.239469956533597
7.491231231231231,2.440792055690036,0.5778628438368056,5.239469956533597
7.514524524524525,2.443389468996562,0.5778628438368056,5.239469956533597
7.5378178178178175,2.445959498319146,0.5778628438368056,5.239469956533597
7.561111111111112,2.44850228877586,0.5778628438368056,5.239469956533597
7.584404404404404,2.451017985484879,0.5778628438368056,5.239469956533597
7.607697697697697,2.4535067335642795,0.5778628438368056,5.239469956533597
7.630990990990991,2.4559686781322614,0.5778628438368056,5.239469956533597
7.654284284284284,2.4584039643068545,0.5778628438368056,5.239469956533597
7.677577577577578,2.4608127372062776,0.5778628438368056,5.239469956533597
7.700870870870871,2.463195141948586,0.5778628438368056,5.239469956533597
7.724164164164163,2.4655513236519497,0.5778628438368056,5.239469956533597
7.7474574574574575,2.4678814274344965,0.5778628438368056,5.239469956533597
7.77075075075075,2.470185598414356,0.5778628438368056,5.239469956533597
7.794044044044044,2.4724639817096117,0.5778628438368056,5.239469956533597
7.817337337337337,2.4747167224384525,0.5778628438368056,5.239469956533597
7.840630630630631,2.4769439657189505,0.5778628438368056,5.239469956533597
7.863923923923924,2.479145856669292,0.5778628438368056,5.239469956533597
7.887217217217216,2.481322540407541,0.5778628438368056,5.239469956533597
7.910510510510511,2.483474162051862,0.5778628438368056,5.239469956533597
7.933803803803803,2.4856008667203966,0.5778628438368056,5.239469956533597
7.957097097097098,2.4877027995312293,0.5778628438368056,5.239469956533597
7.98039039039039,2.489780105602501,0.5778628438368056,5.239469956533597
8.003683683683683,2.491832930052373,0.5778628438368056,5.239469956533597
8.026976976976977,2.493861417998936,0.5778628438368056,5.239469956533597
8.05027027027027,2.4958657145603507,0.5778628438368056,5.239469956533597
8.073563563563564,2.4978459648546925,0.5778628438368056,5.239469956533597
8.096856856856856,2.499802314000143,0.5778628438368056,5.239469956533597
8.12015015015015,2.5017349071147925,0.5778628438368056,5.239469956533597
8.143443443443443,2.503643889316777,0.5778628438368056,5.239469956533597
8.166736736736736,2.505529405724244,0.5778628438368056,5.239469956533597
8.19003003003003,2.5073916014552884,0.5778628438368056,5.239469956533597
8.213323323323323,2.5092306216280718,0.5778628438368056,5.239469956533597
8.236616616616617,2.5110466113606895,0.5778628438368056,5.239469956533597
8.25990990990991,2.5128397157712867,0.5778628438368056,5.239469956533597
8.283203203203202,2.514610079977997,0.5778628438368056,5.239469956533597
8.306496496496496,2.5163578490989584,0.5778628438368056,5.239469956533597
8.329789789789789,2.5180831682522515,0.5778628438368056,5.239469956533597
8.353083083083083,2.5197861825560266,0.5778628438368056,5.239469956533597
8.376376376376376,2.5214670371284305,0.5778628438368056,5.239469956533597
8.39966966966967,2.5231258770875735,0.5778628438368056,5.239469956533597
8.422962962962963,2.5247628475516004,0.5778628438368056,5.239469956533597
8.446256256256255,2.5263780936386158,0.5778628438368056,5.239469956533597
8.46954954954955,2.5279717604667433,0.5778628438368056,5.239469956533597
8.492842842842842,2.5295439931541295,0.5778628438368056,5.239469956533597
8.516136136136137,2.53109493681889,0.5778628438368056,5.239469956533597
8.539429429429429,2.5326247365791623,0.5778628438368056,5.239469956533597
8.562722722722723,2.5341335375530627,0.5778628438368056,5.239469956533597
8.586016016016016,2.5356214848587344,0.5778628438368056,5.239469956533597
8.609309309309308,2.5370887236142896,0.5778628438368056,5.239469956533597
8.632602602602603,2.5385353989378694,0.5778628438368056,5.239469956533597
8.655895895895895,2.539961655947577,0.5778628438368056,5.239469956533597
8.67918918918919,2.5413676397615617,0.5778628438368056,5.239469956533597
8.702482482482482,2.5427534954979607,0.5778628438368056,5.239469956533597
8.725775775775775,2.544119368274859,0.5778628438368056,5.239469956533597
8.74906906906907,2.545465403210438,0.5778628438368056,5.239469956533597
8.772362362362362,2.546791745422786,0.5778628438368056,5.239469956533597
8.795655655655656,2.548098540030037,0.5778628438368056,5.239469956533597
8.818948948948949,2.549385932150329,0.5778628438368056,5.239469956533597
8.842242242242243,2.5506540669017856,0.5778628438368056,5.239469956533597
8.865535535535535,2.5519030894025327,0.5778628438368056,5.239469956533597
8.888828828828828,2.553133144770695,0.5778628438368056,5.239469956533597
8.912122122122122,2.5543443781244046,0.5778628438368056,5.239469956533597
8.935415415415415,2.555536934581794,0.5778628438368056,5.239469956533597
8.95870870870871,2.556710959260975,0.5778628438368056,5.239469956533597
8.982002002002002,2.557866597280084,0.5778628438368056,5.239469956533597
9.005295295295294,2.5590039937572575,0.5778628438368056,5.239469956533597
9.028588588588589,2.560123293810607,0.5778628438368056,5.239469956533597
9.051881881881881,2.5612246425582677,0.5778628438368056,5.239469956533597
9.075175175175175,2.5623081851183582,0.5778628438368056,5.239469956533597
9.098468468468468,2.563374066609021,0.5778628438368056,5.239469956533597
9.121761761761762,2.5644224321483877,0.5778628438368056,5.239469956533597
9.145055055055055,2.56545342685457,0.5778628438368056,5.239469956533597
9.168348348348347,2.5664671958456906,0.5778628438368056,5.239469956533597
9.191641641641642,2.5674638842398925,0.5778628438368056,5.239469956533597
9.214934934934934,2.5684436371552994,0.5778628438368056,5.239469956533597
9.238228228228229,2.56940659971003,0.5778628438368056,5.239469956533597
9.261521521521521,2.5703529170222197,0.5778628438368056,5.239469956533597
9.284814814814814,2.5712827342099938,0.5778628438368056,5.239469956533597
9.308108108108108,2.572196196391483,0.5778628438368056,5.239469956533597
9.3314014014014,2.573093448684804,0.5778628438368056,5.239469956533597
9.354694694694695,2.573974636208099,0.5778628438368056,5.239469956533597
9.377987987987987,2.5748399040794956,0.5778628438368056,5.239469956533597
9.401281281281282,2.5756893974171082,0.5778628438368056,5.239469956533597
9.424574574574574,2.5765232613390667,0.5778628438368056,5.239469956533597
9.447867867867867,2.5773416409635024,0.5778628438368056,5.239469956533597
9.471161161161161,2.578144681408544,0.5778628438368056,5.239469956533597
9.494454454454454,2.5789325277923147,0.5778628438368056,5.239469956533597
9.517747747747748,2.579705325232951,0.5778628438368056,5.239469956533597
9.54104104104104,2.580463218848578,0.5778628438368056,5.239469956533597
9.564334334334333,2.581206353757314,0.5778628438368056,5.239469956533597
9.587627627627628,2.581934875077274,0.5778628438368056,5.239469956533597
9.61092092092092,2.5826489279266283,0.5778628438368056,5.239469956533597
9.634214214214214,2.583348657423471,0.5778628438368056,5.239469956533597
9.657507507507507,2.584034208685937,0.5778628438368056,5.239469956533597
9.680800800800801,2.5847057268321536,0.5778628438368056,5.239469956533597
9.704094094094094,2.5853633569802446,0.5778628438368056,5.239469956533597
9.727387387387386,2.586007244248346,0.5778628438368056,5.239469956533597
9.75068068068068,2.5866375337545864,0.5778628438368056,5.239469956533597
9.773973973973973,2.5872543706170803,0.5778628438368056,5.239469956533597
9.797267267267268,2.5878578999539794,0.5778628438368056,5.239469956533597
9.82056056056056,2.588448266883369,0.5778628438368056,5.239469956533597
9.843853853853854,2.589025616523416,0.5778628438368056,5.239469956533597
9.867147147147147,2.5895900939922356,0.5778628438368056,5.239469956533597
9.89044044044044,2.5901418444079494,0.5778628438368056,5.239469956533597
9.913733733733734,2.5906810128886977,0.5778628438368056,5.239469956533597
9.937027027027026,2.5912077445525856,0.5778628438368056,5.239469956533597
9.96032032032032,2.5917221845177614,0.5778628438368056,5.239469956533597
9.983613613613613,2.5922244779023482,0.5778628438368056,5.239469956533597
10.006906906906906,2.5927147698244615,0.5778628438368056,5.239469956533597
10.0302002002002,2.593193205402249,0.5778628438368056,5.239469956533597
10.053493493493493,2.5936599297538203,0.5778628438368056,5.239469956533597
10.076786786786787,2.5941150879973134,0.5778628438368056,5.239469956533597
10.10008008008008,2.594558825250847,0.5817337961173537,5.239469956533597
10.123373373373374,2.5949912866325557,0.5907700409377319,5.239469956533597
10.146666666666667,2.5954126172605703,0.5998148406192039,5.239469956533597
10.169959959959959,2.595822962253013,0.6088684423394823,5.239469956533597
10.193253253253253,2.596222466727999,0.6179311063390711,5.239469956533597
10.216546546546546,2.5966112758036717,0.6270031058494152,5.239469956533597
10.23983983983984,2.59698953459816,0.636084727013762,5.239469956533597
10.263133133133133,2.5973573882295833,0.6451762688017457,5.239469956533597
10.286426426426425,2.597714981816079,0.6542780429135788,5.239469956533597
10.30971971971972,2.5980624604757554,0.6633903736789355,5.239469956533597
10.333013013013012,2.5983999693267568,0.672513597946466,5.239469956533597
10.356306306306307,2.598727653487206,0.6816480649649106,5.239469956533597
10.379599599599599,2.5990456580752284,0.6907941362546717,5.239469956533597
10.402892892892893,2.599354128208958,0.6999521854721937,5.239469956533597
10.426186186186186,2.599653209006512,0.7091225982637703,5.239469956533597
10.44947947947948,2.5999430455860177,0.7183057721095896,5.239469956533597
10.472772772772773,2.600223783065625,0.727502116159894,5.239469956533597
10.496066066066065,2.6004955665634317,0.7367120510575877,5.239469956533597
10.51935935935936,2.600758541197577,0.7459360087540532,5.239469956533597
10.542652652652652,2.6010128520861966,0.7551744323108958,5.239469956533597
10.565945945945947,2.601258644347403,0.7644277756930762,5.239469956533597
10.58923923923924,2.6014960630993387,0.7736965035497938,5.239469956533597
10.612532532532533,2.6017252534601165,0.7829810909806403,5.239469956533597
10.635825825825826,2.601946360547875,0.7922820232944976,5.239469956533597
10.659119119119119,2.6021595294807414,0.8015997957511634,5.239469956533597
10.682412412412413,2.602364905376829,0.8109349132922405,5.239469956533597
10.705705705705705,2.6025626333542897,0.8202878902562498,5.239469956533597
10.728998998999,2.6027528585312245,0.8296592500816156,5.239469956533597
10.752292292292292,2.6029357260257795,0.8390495249943772,5.239469956533597
10.775585585585585,2.6031113809560695,0.8484592556782216,5.239469956533597
10.79887887887888,2.6032799684402366,0.8578889909316445,5.239469956533597
10.822172172172172,2.603441633596396,0.8673392873065866,5.239469956533597
10.845465465465466,2.603596521542679,0.876810708730452,5.239469956533597
10.868758758758759,2.6037447773972104,0.8863038261106804,5.239469956533597
10.892052052052053,2.6038865462781304,0.8958192169185293,5.239469956533597
10.915345345345346,2.6040219733035475,0.90535746475496,5.239469956533597
10.938638638638638,2.6041512035916,0.9149191588965184,5.239469956533597
10.961931931931932,2.604274382260413,0.9245048938186808,5.239469956533597
10.985225225225225,2.6043916544281136,0.9341152686974561,5.239469956533597
11.00851851851852,2.6045031652128365,0.9437508868864148,5.239469956533597
11.031811811811812,2.6046090597326934,0.9534123553718565,5.239469956533597
11.055105105105104,2.60470948310583,0.9631002841996266,5.239469956533597
11.078398398398399,2.6048045804503586,0.9728152858772627,5.239469956533597
11.101691691691691,2.604894496884415,0.982557974747158,5.239469956533597
11.124984984984986,2.6049793775261243,0.9923289663293908,5.239469956533597
11.148278278278278,2.605059367493614,1.0021288766331997,5.239469956533597
11.171571571571572,2.6051346119050116,1.0119583214393715,5.239469956533597
11.194864864864865,2.605205255878448,1.0218179155434302,5.239469956533597
11.218158158158158,2.6052714445320437,1.0317082719650676,5.239469956533597
11.241451451451452,2.6053333229839275,1.041630001119471,5.239469956533597
11.264744744744744,2.605391036352233,1.051583709946887,5.239469956533597
11.288038038038039,2.6054447297550833,1.0615700010010751,5.239469956533597
11.311331331331331,2.6054945483106056,1.071589471493256,5.239469956533597
11.334624624624624,2.605540637136926,1.0816427122857106,5.239469956533597
11.357917917917918,2.6055831413521764,1.0917303068381825,5.239469956533597
11.38121121121121,2.6056222060744814,1.1018528300982926,5.239469956533597
11.404504504504505,2.605657976421969,1.1120108473391062,5.239469956533597
11.427797797797798,2.6056905975127655,1.1222049129327942,5.239469956533597
11.451091091091092,2.605720214465001,1.1324355690642736,5.239469956533597
11.474384384384384,2.6057469723968,1.1427033443737693,5.239469956533597
11.497677677677677,2.6057710164262926,1.1530087525326638,5.239469956533597
11.520970970970971,2.6057924916716018,1.1633522907386356,5.239469956533597
11.544264264264264,2.6058115432508626,1.1737344381327433,5.239469956533597
11.567557557557558,2.605828316282194,1.1841556541298894,5.239469956533597
11.59085085085085,2.6058429558837286,1.1946163766556088,5.239469956533597
11.614144144144145,2.6058556071735923,1.20511702028855,5.239469956533597
11.637437437437438,2.6058664152699134,1.2156579742968225,5.239469956533597
11.66073073073073,2.605875525290819,1.226239600562573,5.239469956533597
11.684024024024025,2.6058830823544374,1.2368622313903512,5.239469956533597
11.707317317317317,2.605889231578895,1.2475261671866231,5.239469956533597
11.730610610610611,2.6058941180823165,1.258231674005406,5.239469956533597
11.753903903903904,2.6058978869828335,1.2689789809502379,5.239469956533597
11.777197197197196,2.6059006833985734,1.2797682774190813,5.239469956533597
11.80049049049049,2.6059026524476625,1.2905997101865194,5.239469956533597
11.823783783783783,2.605903939248226,1.3014733803080347,5.239469956533597
11.847077077077078,2.605904688918394,1.3123893398348039,5.239469956533597
11.87037037037037,2.605905046576293,1.3233475883274939,5.239469956533597
11.893663663663665,2.605905157340054,1.3343480691497798,5.239469956533597
11.916956956956957,2.6059051799256667,1.3453906791293144,5.239469956533597
11.94025025025025,2.6059063365495505,1.3564763142740102,5.239469956533597
11.963543543543544,2.6059116586273827,1.3676076110155964,5.239469956533597
11.986836836836837,2.6059243536414067,1.3787873083352937,5.239469956533597
12.01013013013013,2.6059476290738663,1.3900180666475397,5.239469956533597
12.033423423423423,2.605984692407005,1.401302462420203,5.239469956533597
12.056716716716716,2.6060387511230645,1.412642982439563,5.239469956533597
12.08001001001001,2.6061130127042884,1.4240420176955215,5.239469956533597
12.103303303303303,2.60621068463292,1.4355018568575202,5.239469956533597
12.126596596596597,2.606334974391203,1.4470246793120909,5.239469956533597
12.14988988988989,2.60648908946138,1.4586125477297338,5.239469956533597
12.173183183183184,2.606676237325694,1.4702674001276708,5.239469956533597
12.196476476476477,2.60689962546639,1.4819910413895476,5.239469956533597
12.21976976976977,2.607162461365708,1.4937851342049218,5.239469956533597
12.243063063063063,2.6074679525058944,1.5056511893853708,5.239469956533597
12.266356356356356,2.6078193063691892,1.517590555512736,5.239469956533597
12.28964964964965,2.6082197304378396,1.529604407873272,5.239469956533597
12.312942942942943,2.6086724321940835,1.5416937366265218,5.239469956533597
12.336236236236235,2.6091806191201683,1.553859334155016,5.239469956533597
12.35952952952953,2.6097474986983356,1.5661017815427962,5.239469956533597
12.382822822822822,2.6103762784108295,1.5784214341199923,5.239469956533597
12.406116116116117,2.6110701657398914,1.590818406017378,5.239469956533597
12.42940940940941,2.611832368167766,1.6032925536646576,5.239469956533597
12.452702702702704,2.6126660931766965,1.615843458171176,5.239469956533597
12.475995995995996,2.6135745482489265,1.6284704065211857,5.239469956533597
12.499289289289289,2.614560940866697,1.641172371522925,5.239469956533597
12.522582582582583,2.6156284785122517,1.6539479904410124,5.239469956533597
12.545875875875875,2.616780368667835,1.6667955422561094,5.239469956533597
12.56916916916917,2.618019818815691,1.6797129234892259,5.239469956533597
12.592462462462462,2.6193500364380604,1.6926976225418089,5.239469956533597
12.615755755755755,2.6207742290171874,1.7057466925061213,5.239469956533597
12.63904904904905,2.622295604035315,1.718856722415733,5.239469956533597
12.662342342342342,2.623917368974687,1.7320238069208267,5.239469956533597
12.685635635635636,2.625642731317546,1.7452435143912362,5.239469956533597
12.708928928928929,2.6274748985461347,1.758510853480641,5.239469956533597
12.732222222222223,2.6294170781426986,1.7718202382138268,5.239469956533597
12.755515515515516,2.6314724775894787,1.7851654517016518,5.239469956533597
12.778808808808808,2.633644304368717,1.798539608636233,5.239469956533597
12.802102102102102,2.6359357659626608,1.8119351167803144,5.239469956533597
12.825395395395395,2.638350069853549,1.8253436377333827,5.239469956533597
12.84868868868869,2.6408904235236266,1.8387560473444262,5.239469956533597
12.871981981981982,2.643560034455137,1.8521623962368343,5.239469956533597
12.895275275275276,2.6463621101303225,1.8655518710264938,5.239469956533597
12.918568568568569,2.6492998580314286,1.8789127569437785,5.239469956533597
12.941861861861861,2.652376485640695,1.892232402715604,5.239469956533597
12.965155155155156,2.6555952004403673,1.9054971887254522,5.239469956533597
12.988448448448448,2.6589592099126884,1.918692499644525,5.239469956533597
13.011741741741742,2.6624717215399003,1.9318027029117517,5.239469956533597
13.035035035035035,2.6661359428042486,1.944811134631549,5.239469956533597
13.058328328328328,2.6699550811879735,1.957700094645194,5.239469956533597
13.081621621621622,2.67393234417332,1.9704506834107318,5.239469956533597
13.104914914914914,2.678070939242531,1.9830395514331616,5.239469956533597
13.128208208208209,2.682374073877848,1.9954410300423093,5.239469956533597
13.151501501501501,2.6868449555615173,2.0076320610369667,5.239469956533597
13.174794794794796,2.6914867917757785,2.019592741636724,5.239469956533597
13.198088088088088,2.696302790002878,2.031306663205875,5.239469956533597
13.22138138138138,2.7012961577250576,2.042761222578552,5.239469956533597
13.244674674674675,2.7064701024245603,2.053947895933869,5.239469956533597
13.267967967967968,2.7118278315836277,2.0648624653021357,5.239469956533597
13.291261261261262,2.7173725526845085,2.0755051884553,5.239469956533597
13.314554554554554,2.7231074732094385,2.085880904161404,5.239469956533597
13.337847847847847,2.729035800640667,2.095999066522623,5.239469956533597
13.361141141141141,2.735160742460434,2.105873704269733,5.239469956533597
13.384434434434434,2.741485506150982,2.1155233033269427,5.239469956533597
13.407727727727728,2.7480132991945574,2.124970613499925,5.239469956533597
13.43102102102102,2.7547473290734015,2.1342423826015464,5.239469956533597
13.454314314314315,2.761690803269757,2.143369023520158,5.239469956533597
13.477607607607608,2.768846929265867,2.1523842214982354,5.239469956533597
13.5009009009009,2.776218914543974,2.161324490104131,5.239469956533597
13.524194194194195,2.783809966586326,2.170228684982646,5.239469956533597
13.547487487487487,2.7916232928751596,2.1791374844432143,5.239469956533597
13.570780780780781,2.7996621008927223,2.188092845331389,5.239469956533597
13.594074074074074,2.807929598121255,2.1971374415033686,5.239469956533597
13.617367367367367,2.8164289920430017,2.2063140906946703,5.239469956533597
13.64066066066066,2.8251634901402065,2.2156651737581328,5.239469956533597
13.663953953953953,2.8341362998951105,2.2252320482626216,5.239469956533597
13.687247247247248,2.843350628789959,2.2350544564028656,5.239469956533597
13.71054054054054,2.852809684306993,2.2451699251627084,5.239469956533597
13.733833833833835,2.8625166739284587,2.2556131547776213,5.239469956533597
13.757127127127127,2.872474805136597,2.266415389820506,5.239469956533597
13.78042042042042,2.882687285413651,2.277603765735678,5.239469956533597
13.803713713713714,2.893157322241866,2.2892006224329418,5.239469956533597
13.827007007007007,2.9038881231034814,2.3012227756898826,5.239469956533597
13.850300300300301,2.914882895480744,2.313680736694468,5.239469956533597
13.873593593593593,2.926144846855895,2.3265778702352637,5.239469956533597
13.896886886886886,2.9376771847111782,2.3399094830179816,5.239469956533597
13.92018018018018,2.949483116528838,2.3536576078083598,5.239469956533597
13.943473473473473,2.9615658497911146,2.3677719757679094,5.239469956533597
13.966766766766767,2.9739265533748647,2.3821912601253468,5.239469956533597
13.99006006006006,2.9865496525515374,2.396841088221292,5.239469956533597
14.013353353353354,2.999411357606001,2.4116444625929923,5.239469956533597
14.036646646646647,3.0124878221625986,2.4265314777833007,5.239469956533597
14.05993993993994,3.0257551998456704,2.441440587634764,5.239469956533597
14.083233233233234,3.039189644279562,2.4563194346339356,5.239469956533597
14.106526526526526,3.0527673090886123,2.4711252659554552,5.239469956533597
14.12981981981982,3.066464347897165,2.485824909592723,5.239469956533597
14.153113113113113,3.080256914329562,2.500394292326021,5.239469956533597
14.176406406406405,3.094121162010145,2.5148174912147625,5.239469956533597
14.1996996996997,3.1080332445632575,2.529085320217036,5.239469956533597
14.222992992992992,3.1219693156132413,2.5431934619220513,5.239469956533597
14.246286286286287,3.1359055287844377,2.557140160059991,5.239469956533597
14.26957957957958,3.149818037701189,2.570923490869386,5.239469956533597
14.292872872872874,3.163682995987839,2.5845382307548768,5.239469956533597
14.316166166166166,3.177476557268728,2.5979723350501835,5.239469956533597
14.339459459459459,3.191174875168198,2.611203040126741,5.239469956533597
14.362752752752753,3.204754103310593,2.6241860582159706,5.239469956533597
14.386046046046046,3.218190395320253,2.636837807112872,5.239469956533597
14.40933933933934,3.231459904821524,2.649072256251778,5.239469956533597
14.432632632632632,3.2445434965705275,2.6608223286572104,5.239469956533597
14.455925925925927,3.257442554304128,2.6720616085470366,5.239469956533597
14.47921921921922,3.2701640466567796,2.682793502398896,5.239469956533597
14.502512512512512,3.2827149423801196,2.6930478966292064,5.239469956533597
14.525805805805806,3.295102210225788,2.702881554962947,5.239469956533597
14.549099099099099,3.307332818945418,2.712376745134776,5.239469956533597
14.572392392392393,3.31941373729065,2.7216310367710226,5.239469956533597
14.595685685685686,3.331351934013117,2.730719992692376,5.239469956533597
14.618978978978978,3.343154377864458,2.739703187748606,5.239469956533597
14.642272272272272,3.354828037596311,2.748631361756022,5.239469956533597
14.665565565565565,3.3663798819603112,2.7575471489602714,5.239469956533597
14.68885885885886,3.377816879708098,2.7664857875003794,5.239469956533597
14.712152152152152,3.3891459995913062,2.775475796079684,5.239469956533597
14.735445445445446,3.4003742103615737,2.784539610102111,5.239469956533597
14.758738738738739,3.411508480770537,2.7936941736090093,5.239469956533597
14.782032032032031,3.4225557795698327,2.802951486310251,5.239469956533597
14.805325325325326,3.4335230755110997,2.812319107054922,5.239469956533597
14.828618618618618,3.4444173373459734,2.821800616452318,5.239469956533597
14.851911911911913,3.455245533826092,2.831396042194542,5.239469956533597
14.875205205205205,3.466014633703091,2.841102251091442,5.239469956533597
14.898498498498498,3.4767316057286073,2.8509133120052472,5.239469956533597
14.921791791791792,3.487403418654281,2.860820833854233,5.239469956533597
14.945085085085084,3.498037041231745,2.8708142826888308,5.239469956533597
14.968378378378379,3.508639442212639,2.880881281582231,5.239469956533597
14.991671671671671,3.5192175903485987,2.891007896736066,5.239469956533597
15.014964964964966,3.5297784543912627,2.9011789128093106,5.239469956533597
15.038258258258258,3.5403290030922654,2.9113781000396104,5.239469956533597
15.06155155155155,3.5508762052032457,2.9215884752539845,5.239469956533597
15.084844844844845,3.5614270294758406,2.9317925583645144,5.239469956533597
15.108138138138138,3.571988444661686,2.941972625419618,5.239469956533597
15.131431431431432,3.5825674195124195,2.9521109587446537,5.239469956533597
15.154724724724725,3.5931709227796786,2.962190094159734,5.239469956533597
15.178018018018017,3.6038059232150985,2.9721930647275268,5.239469956533597
15.201311311311311,3.61447938957032,2.9821036399662244,5.239469956533597
15.224604604604604,3.625198054300382,2.9919063226927847,5.239469956533597
15.247897897897898,3.6359648069841732,3.001582967550334,5.239469956533597
15.27119119119119,3.646779413522566,3.01111371498378,5.239469956533597
15.294484484484485,3.6576415492982495,3.0204802263043704,5.239469956533597
15.317777777777778,3.668550889693914,3.0296659605694165,5.239469956533597
15.34107107107107,3.679507110092243,3.0386563427221773,5.239469956533597
15.364364364364365,3.69050988587593,3.0474389109590936,5.239469956533597
15.387657657657657,3.7015588924276575,3.056003441029503,5.239469956533597
15.410950950950951,3.7126538051301163,3.0643420455494246,5.239469956533597
15.434244244244244,3.7237942993659923,3.0724492468941142,5.239469956533597
15.457537537537537,3.7349800505179744,3.080322022796485,5.239469956533597
15.480830830830831,3.7462107339687525,3.0879598243929616,5.239469956533597
15.504124124124123,3.7574860251010107,3.0953645670936103,5.239469956533597
15.527417417417418,3.7688055992974396,3.1025405952732013,5.239469956533597
15.55071071071071,3.780169131940726,3.1094946223532824,5.239469956533597
15.574004004004005,3.7915762984135575,3.1162356483491185,5.239469956533597
15.597297297297297,3.803026774098622,3.1227748573589116,5.239469956533597
15.62059059059059,3.8145202343786075,3.129125497771379,5.239469956533597
15.643883883883884,3.826056354636202,3.135302748146259,5.239469956533597
15.667177177177177,3.837634810254094,3.141323571787417,5.239469956533597
15.690470470470471,3.8492552766149695,3.1472065629835413,5.239469956533597
15.713763763763763,3.8609174291015167,3.1529717877499257,5.239469956533597
15.737057057057056,3.872620943096425,3.158640621684798,5.239469956533597
15.76035035035035,3.884365493982381,3.1642347952602194,5.239469956533597
15.783643643643643,3.896150757142075,3.1697718956603005,5.239469956533597
15.806936936936937,3.9079764079581905,3.1752671618256523,5.239469956533597
15.83023023023023,3.9198421218134176,3.1807349705058194,5.239469956533597
15.853523523523524,3.9317475740904446,3.1861888651605303,5.239469956533597
15.876816816816817,3.943692440171959,3.191641585083399,5.239469956533597
15.90011011011011,3.955676395440648,3.1971050962693295,5.239469956533597
15.923403403403404,3.9676991152791996,3.2025906234122603,5.239469956533597
15.946696696696696,3.979760275070303,3.2081086825121625,5.239469956533597
15.96998998998999,3.9918595501966427,3.213669113659936,5.239469956533597
15.993283283283283,4.003996616040911,3.219281113643675,5.239469956533597
16.016576576576576,4.0161711479857924,3.2249532680884196,5.239469956533597
16.039869869869868,4.028382821413976,3.2306935829018215,5.239469956533597
16.06316316316316,4.0406313117081485,3.236509514847098,5.239469956533597
16.086456456456457,4.052916294251002,3.2424080011108702,5.239469956533597
16.10974974974975,4.065237444425218,3.248395487769129,5.239469956533597
16.133043043043042,4.077594437613487,3.2544779570853684,5.239469956533597
16.156336336336334,4.089986949198499,3.2606609536011177,5.239469956533597
16.179629629629627,4.102414654562939,3.266949609000539,5.239469956533597
16.202922922922923,4.114877229089497,3.273348665746711,5.239469956533597
16.226216216216216,4.127374348160861,3.2798624995016468,5.239469956533597
16.249509509509508,4.1399056871597155,3.2864951403530256,5.239469956533597
16.2728028028028,4.152470921468749,3.293250292877626,5.239469956533597
16.296096096096097,4.165069726470654,3.300131355079346,5.239469956533597
16.31938938938939,4.177701777548113,3.3071414362429814,5.239469956533597
16.342682682682682,4.190366750083816,3.314283373748066,5.239469956533597
16.365975975975974,4.2030643194604504,3.321559748889445,5.239469956533597
16.389269269269267,4.215794161060704,3.3289729017523575,5.239469956533597
16.412562562562563,4.228555950267269,3.3365249451888297,5.239469956533597
16.435855855855856,4.2413493624628265,3.3442177779434634,5.239469956533597
16.459149149149148,4.2541740730300655,3.3520530969748012,5.239469956533597
16.48244244244244,4.2670297573516764,3.3600324090167404,5.239469956533597
16.505735735735733,4.279916090810346,3.3681570414254436,5.239469956533597
16.52902902902903,4.292832748788763,3.3764281523517887,5.239469956533597
16.552322322322322,4.305779406669614,3.3848467402816373,5.239469956533597
16.575615615615614,4.318755739835586,3.3934136529810086,5.2440978266901634
16.598908908908907,4.331761423669371,3.4021295958834834,5.261393251455258
16.6222022022022,4.34479613355365,3.4109951399546206,5.278597127152679
16.645495495495496,4.357859544871118,3.4200107290657233,5.295708360676513
16.668788788788788,4.370951333004458,3.4291766869083347,5.3127259791005805
16.69208208208208,4.384071173336361,3.4384932234786474,5.329649123194074
16.715375375375373,4.39721874124951,3.4479604411592373,5.346477041339783
16.738668668668666,4.410393712126599,3.4575783404239404,5.363209083829257
16.761961961961962,4.423595761350312,3.4673468251895683,5.379844697511056
16.785255255255255,4.43682456430334,3.4772657078388085,5.3963834207678705
16.808548548548547,4.4500797963683665,3.487334713933029,5.412824878803704
16.83184184184184,4.46336113292808,3.4975534866372646,5.429168779218895
16.855135135135136,4.476668249365171,3.5079215908746315,5.445414907855711
16.87842842842843,4.490000821062327,3.518438517227815,5.461563124896839
16.90172172172172,4.503358523402231,3.5291036856041518,5.47761336120031
16.925015015015013,4.51674103176758,3.5399164486793073,5.493565614855854
16.948308308308306,4.530148021541053,3.550876095133706,5.5094199479484
16.971601601601602,4.543579168105346,3.561981852694969,5.525176483515723
16.994894894894895,4.5570341468431375,3.573232890998777,5.540835402687498
17.018188188188187,4.570512633137121,3.5846283242797723,5.55639694199447
17.04148148148148,4.584014302369985,3.59616721390304,5.571861390836929
17.064774774774772,4.597538829924414,3.6078485707463406,5.587229089102487
17.08806806806807,4.611085891183099,3.6196713574426864,5.6025004249235115
17.11136136136136,4.624655161528727,3.631634490491879,5.617675832565575
17.134654654654653,4.638246316343983,3.6437368422488565,5.632755790439109
17.157947947947946,4.651859031011558,3.6559772427974564,5.6477408192256595
17.18124124124124,4.665492980914136,3.668354481715432,5.66263148011284
17.204534534534535,4.679147841434416,3.680867309738842,5.67742837312999
17.227827827827827,4.692823287955072,3.693514440330942,5.692132135579202
17.25112112112112,4.706518995858795,3.7062945511618985,5.706743440555693
17.274414414414412,4.72023464052828,3.7192062855049675,5.721262995551593
17.29770770770771,4.733969897346209,3.732248253554124,5.735691541138294
17.321001001001,4.747724441695272,3.7454190336674564,5.750029849723088
17.344294294294293,4.76149794895815,3.7587171735419975,5.764278724374302
17.367587587587586,4.775290094517542,3.7721411913229472,5.778438997712137
17.39088088088088,4.7891005537561275,3.7856895766523593,5.792511530859896
17.414174174174175,4.802929002056601,3.799360791660154,5.806497212453047
17.437467467467467,4.816775114801645,3.8131532719013848,5.820396957701906
17.46076076076076,4.830638567373949,3.827065427243336,5.834211707504562
17.484054054054052,4.844519035156199,3.8410956427050973,5.8479424276073
17.507347347347345,4.858416193531087,3.855242279252463,5.861590107809711
17.53064064064064,4.872329717881297,3.8695036745519964,5.875155761210598
17.553933933933934,4.886259283589521,3.8838781436848477,5.888640423494193
17.577227227227226,4.90020456603844,3.8983639798255183,5.902045152251361
17.60052052052052,4.914165240610746,3.9129594548852804,5.915371026336212
17.62381381381381,4.928140982689128,3.9276628201243913,5.928619145253865
17.647107107107107,4.942131467656275,3.942472306734317,5.941790628578234
17.6704004004004,4.956136370894871,3.9573861263918553,5.9548866153978866
17.693693693693692,4.970155367787603,3.972402471788405,5.967908263786801
17.716986986986985,4.984188133717163,3.9875195171341495,5.980856750300177
17.740280280280277,4.998234344066237,4.002735418640755,5.9937332694917185
17.763573573573574,5.012293674217515,4.0180483149833766,6.006539033451654
17.786866866866866,5.02636579955368,4.033456327743851,6.01927527136351
17.81016016016016,5.040450395457422,4.048957561836536,6.031943229078308
17.83345345345345,5.05454713731143,4.064550105918524,6.044544168704336
17.856746746746747,5.068655700498394,4.0802320327856165,6.057079368211172
17.88004004004004,5.082775760400994,4.09600139975511,6.069550121046879
17.903333333333332,5.096906992401925,4.111856249037814,6.081957735766036
17.926626626626625,5.111049071883872,4.127794608099075,6.094303535668669
17.949919919919918,5.125201674229524,4.143814490012075,6.106588858446973
17.973213213213214,5.139364474821571,4.159913893803015,6.118815055840127
17.996506506506506,5.153537149042694,4.176090804790087,6.1309834932953
18.0197997997998,5.167719372275587,4.192343194918276,6.143095549632898
18.04309309309309,5.181910819902935,4.208669023089501,6.155152616716369
18.066386386386384,5.196111167307428,4.225066235491272,6.167156099123583
18.08967967967968,5.21032008987175,4.2415327659237025,6.179107413819798
18.112972972972972,5.224537262978595,4.258066536126545,6.191007989830645
18.136266266266265,5.238762362010643,4.274665456107539,6.202859267913747
18.159559559559558,5.252995062350588,4.291327424473595,6.214662700227581
18.18285285285285,5.2672350393811165,4.30805032876479,6.226419749997443
18.206146146146146,5.281481968484915,4.324832045794253,6.238131891175577
18.22943943943944,5.295735525044671,4.341670441993253,6.2498006080960895
18.25273273273273,5.3099953844430745,4.358563373764283,6.261427395121866
18.276026026026024,5.324261222062812,4.375508687842121,6.273013756283502
18.299319319319316,5.33853271328657,4.392504221664948,6.284561204908192
18.322612612612613,5.352809533497043,4.409547803756086,6.296071263238
18.345905905905905,5.367091358076908,4.4266372541185754,6.3075454620352405
18.369199199199198,5.38137786240886,4.443770384642445,6.318985340175276
18.392492492492494,5.395668721875588,4.460944999526971,6.330392444224206
18.415785785785786,5.409963611859774,4.478158895718693,6.341768328000855
18.43907907907908,5.42426220774411,4.49540986336691,6.353114552121309
18.46237237237237,5.438564184911282,4.512695686297292,6.364432683525273
18.485665665665664,5.45286921874398,4.530014142504687,6.375724294983273
18.50895895895896,5.46717698462489,4.547363004668155,6.386990964581626
18.532252252252253,5.4814871579367,4.564740040686182,6.398234275187217
18.555545545545545,5.495799414062098,4.582143014237299,6.409455813886898
18.578838838838838,5.5101134283837725,4.599569685363327,6.420657171404218
18.60213213213213,5.52442887628441,4.617017811080047,6.431839941488772
18.625425425425426,5.5387454331467,4.634485146013661,6.443005720279739
18.64871871871872,5.553062774353329,4.6519694430659335,6.454156105640724
18.67201201201201,5.567380575286985,4.669468454108585,6.465292696465386
18.695305305305304,5.581698511330358,4.686979930707588,6.476417091953127
18.718598598598597,5.596016257866132,4.704501624879519,6.487530890852744
18.741891891891893,5.610333490277,4.722031289879952,6.498635690674048
18.765185185185185,5.624649883945644,4.73956668102527,6.509733086866017
18.788478478478478,5.638965114254755,4.757105556549023,6.5208246719604865
18.81177177177177,5.6532788565870185,4.774645678493172,6.531912034680865
18.835065065065066,5.667590786325128,4.792184813635489,6.542996759014767
18.85835835835836,5.681900578851765,4.8097207344534505,6.55408042325008
18.88165165165165,5.696207909549619,4.827251220125145,6.565164598974093
18.904944944944944,5.710512453801381,4.844774057568437,6.576250850034325
18.928238238238237,5.724813886989736,4.86228704251731,6.587340731462162
18.951531531531533,5.739111884497372,4.879787980637536,6.598435788357207
18.974824824824825,5.753406121706978,4.897274688680131,6.609537554733825
18.998118118118118,5.7676962740012385,4.91474499567317,6.620647552329307
19.02141141141141,5.7819820167628455,4.932196744152439,6.631767289373252
19.044704704704703,5.7962630253744845,4.949627791429809,6.64289825931916
19.067997997998,5.810538975218847,4.967036010898675,6.654041939539019
19.09129129129129,5.824809541678614,4.984419293376723,6.665199789980505
19.114584584584584,5.83907440013648,5.001775548484577,6.676373251788382
19.137877877877877,5.853333225975127,5.019102706058781,6.687563745891472
19.16117117117117,5.867585694577246,5.036398717599148,6.698772671555345
19.184464464464465,5.881831481325529,5.053661557747747,6.710001404903311
19.207757757757758,5.896070261602656,5.0708892257982905,6.721251297407021
19.23105105105105,5.910301710791319,5.088079747234286,6.732523674348352
19.254344344344343,5.924525504274206,5.1052311752935795,6.743819833254833
19.27763763763764,5.938741317434005,5.122341592556117,6.755141042311893
19.30093093093093,5.9529488256534,5.139409112554116,6.766488538752684
19.324224224224224,5.967147704315083,5.156431881399567,6.7778635272306
19.347517517517517,5.981337628801741,5.173408079427957,6.789267178175526
19.37081081081081,5.995518274496059,5.190335922853269,6.80070062613885
19.394104104104105,6.009689316780732,5.207213665431453,6.812164968130011
19.417397397397398,6.02385043103844,5.224039600128957,6.823661261947923
19.44069069069069,6.038001292651873,5.240812060790939,6.835190524512806
19.463983983983983,6.052141577003721,5.257529423806734,6.846753730200708
19.487277277277276,6.066270959476669,5.274190109766122,6.858351809187216
19.51057057057057,6.08038911545341,5.2907925851036035,6.869985645803216
19.533863863863864,6.094495720316625,5.307335363724755,6.881656076908495
19.557157157157157,6.1085904494490055,5.323817008610177,6.8933638902878345
19.58045045045045,6.122672978233239,5.340236133391917,6.905109823074561
19.603743743743742,6.136742982052013,5.356591403897198,6.916894560206828
19.627037037037038,6.150800136288019,5.372881539654252,6.928718732921786
19.65033033033033,6.164844116323937,5.389105315354717,6.940582917293156
19.673623623623623,6.178874597542461,5.405261562267633,6.95248763281729
19.696916916916916,6.192891255326276,5.421349169600291,6.964433341052261
19.720210210210208,6.206893765058073,5.437367085798869,6.976420444317276
19.743503503503504,6.2208818021205365,5.453314319785874,6.988449284455199
19.766796796796797,6.234855041896355,5.469189942127132,7.000520141665579
19.79009009009009,6.248813159768218,5.484993086126398,7.012633233410039
19.813383383383382,6.262755831118811,5.5007229488384874,7.024788713399135
19.836676676676678,6.276682731330826,5.516378792001359,7.036986670660293
19.85996996996997,6.290593583865309,5.531959990957143,7.049227176773476
19.883263263263263,6.30448836827211,5.547466243412972,7.061510493131248
19.906556556556556,6.318367149026524,5.562897398934221,7.0738368991188265
19.929849849849848,6.332229990659408,5.578253374630062,7.086206606688753
19.953143143143144,6.34607695770162,5.593534155552577,7.0986197598506635
19.976436436436437,6.359908114684014,5.608739795045574,7.111076434322454
19.99972972972973,6.3737235261374465,5.6238704149870244,7.123576637287869
20.023023023023022,6.387523256592775,5.638926205921841,7.13612030726371
20.046316316316314,6.401307370580856,5.653907427084926,7.148707314076786
20.06960960960961,6.415075932632548,5.668814406311545,7.161337458953551
20.092902902902903,6.4288290072787015,5.6836475398371515,7.1740104747202516
20.116196196196196,6.442566659050178,5.698407291984014,7.186726026116342
20.13948948948949,6.456288952477831,5.713094194736229,7.1994837102194325
20.16278278278278,6.4699959520925185,5.727708847204667,7.21228305698037
20.186076076076077,6.483687722425097,5.742251914981422,7.225123529868773
20.20936936936937,6.497364328006423,5.7567241293869325,7.238004526625914
20.232662662662662,6.51102583336735,5.771126286610903,7.250925380123798
20.255955955955955,6.524672303038739,5.785459246750783,7.263885359326695
20.279249249249247,6.538303801551441,5.799723932749842,7.27688367035304
20.302542542542543,6.551920393436319,5.813921329237734,7.2899194576349045
20.325835835835836,6.565522143224225,5.828052481279202,7.302991805169248
20.34912912912913,6.579109115446015,5.842118493032364,7.316099737859666
20.37242242242242,6.592681374632547,5.8561205263230205,7.3292422229420735
20.395715715715717,6.60623898531468,5.870059799137961,7.342418171491399
20.41900900900901,6.619782012023264,5.883937584043241,7.355626440003287
20.442302302302302,6.63331051928916,5.897755206531019,7.368865832047301
20.465595595595595,6.646824571643221,5.911514043301491,7.382135099984952
20.488888888888887,6.660324233616308,5.925215520484103,7.395432946748513
20.512182182182183,6.673809569739277,5.938861111803272,7.408758027675283
20.535475475475476,6.68728064454298,5.95245233669464,7.42210895239132
20.55876876876877,6.700737522558275,5.965990758376696,7.435484286739854
20.58206206206206,6.714180268316019,5.979477981882777,7.448882554749261
20.605355355355353,6.72760894634707,5.992915652059346,7.462302240634794
20.62864864864865,6.7410236211822845,6.006305451535128,7.475741790829441
20.651941941941942,6.754424357352516,6.019649098666427,7.489199616038604
20.675235235235235,6.767811219388621,6.032948345463127,7.502674093314115
20.698528528528527,6.781184271821458,6.04620497550083,7.516163568142087
20.72182182182182,6.794543579181883,6.0594208018222595,7.529666356541506
20.745115115115116,6.807889206000754,6.072597664833729,7.543180747167778
20.76840840840841,6.8212212168089215,6.085737430200123,7.55670500341772
20.7917017017017,6.834539676137247,6.098841986741466,7.570237365533028
20.814994994994994,6.8478446485165865,6.111913244335952,7.583776052697221
20.83828828828829,6.861136198477797,6.124953131831203,7.597319265124391
20.861581581581582,6.874414390551731,6.1379635949683315,7.610865186135131
20.884874874874875,6.887679289269247,6.150946594320594,7.6244119842179
20.908168168168167,6.9009309591612045,6.163904103247989,7.63795781507442
20.93146146146146,6.914169464758454,6.176838105872687,7.651500823644222
20.954754754754756,6.927394870591858,6.189750595073549,7.665039146110167
20.97804804804805,6.94060724119227,6.202643570505131,7.678570911879408
21.00134134134134,6.953806641090544,6.21551903663782,7.692094245543268
21.024634634634634,6.966993134817539,6.228378979631997,7.705607290003081
21.047927927927926,6.980166786904111,6.241225093616972,7.719108480191251
21.071221221221222,6.9933276618811195,6.25405883046403,7.732596493298209
21.094514514514515,7.006475824279417,6.2668815887178155,7.746070059841019
21.117807807807807,7.019611338629859,6.279694718611644,7.759527958648073
21.1411011011011,7.032734269463305,6.292499522818508,7.772969016108101
21.164394394394392,7.045844681310609,6.30529725721493,7.7863921054062875
21.18768768768769,7.0589426387026295,6.31808913165628,7.799796145748979
21.21098098098098,7.072028206170223,6.3308763107600194,7.813180101580426
21.234274274274274,7.085101448244242,6.343659914695063,7.82654298179342
21.257567567567566,7.098162429455546,6.356441019975113,7.839883838935979
21.28086086086086,7.111211214334993,6.36922066025326,7.853201768416726
21.304154154154155,7.124247867413439,6.381999827117079,7.866495907709799
21.327447447447447,7.137272453221735,6.39477947088117,7.8797654355623
21.35074074074074,7.150285036290742,6.40756050137735,7.893009571204135
21.374034034034032,7.163285681151318,6.420343788738974,7.906227573563662
21.39732732732733,7.176274452334318,6.4331301641799605,7.919418740488675
21.42062062062062,7.1892514143705935,6.445920420765987,7.9325824079752
21.443913913913914,7.202216631791006,6.458715314177641,7.945717949404371
21.467207207207206,7.215170169126411,6.471515563463856,7.958824774788966
21.4905005005005,7.228112090907666,6.484321851786307,7.971902330029025
21.513793793793795,7.241042461665625,6.497134827151527,7.984950096179723
21.537087087087087,7.253961345931147,6.509955103132384,7.99796758872991
21.56038038038038,7.266868808235085,6.522783259576787,8.010954356893382
21.583673673673673,7.279764913108297,6.535619843304652,8.023909982911942
21.606966966966965,7.29264972508164,6.5484653687912315,8.03683408137205
21.63026026026026,7.305523308685973,6.561320318836404,8.049726298535543
21.653553553553554,7.318385728452147,6.574185145222267,8.062586311682026
21.676846846846846,7.331237048911021,6.587060269353916,8.075413828468125
21.70014014014014,7.3440773345934485,6.599946082889393,8.088208586297503
21.72343343343343,7.356906650030292,6.612842948352097,8.100970351708487
21.746726726726727,7.3697250597524055,6.62575119973217,8.113698919772641
21.77002002002002,7.382532628290644,6.638671143070218,8.126394113511068
21.793313313313313,7.3953294201758615,6.651603057029232,8.13905578332249
21.816606606606605,7.408115499938919,6.664547193451292,8.151683806426547
21.8398998998999,7.420890932110671,6.67750377789945,8.164278086321893
21.863193193193194,7.433655781221974,6.690473010186295,8.176838552257653
21.886486486486486,7.446410111803684,6.703455064887944,8.189365158719424
21.90977977977978,7.459153988386658,6.716450091844672,8.201857884928645
21.93307307307307,7.471887475501752,6.729458216647035,8.21431673435647
21.956366366366368,7.4846106376798245,6.742479541109139,8.22674173425051
21.97965965965966,7.4973235394517275,6.755514143728636,8.239132935174819
22.002952952952953,7.510026245348323,6.768562080132736,8.25149041056391
22.026246246246245,7.52271881990046,6.781623383512816,8.263814256288104
22.049539539539538,7.535401327639001,6.7946980650446145,8.276104590233386
22.072832832832834,7.548073833094802,6.807786114298533,8.28836155189107
22.096126126126126,7.560736400798718,6.82088749963512,8.300585301962316
22.11941941941942,7.573389095281604,6.8340021685914145,8.312776021971793
22.14271271271271,7.586031981074317,6.8471300482538275,8.324933913894807
22.166006006006004,7.598665122707715,6.8602710456215075,8.337059199793922
22.1892992992993,7.611288584712656,6.873425047957719,8.349152121467593
22.212592592592593,7.623902431619991,6.8865919231313715,8.36121294010861
22.235885885885885,7.63650672796058,6.899771519948372,8.373241935972787
22.259179179179178,7.6491015382652785,6.9129636684731,8.385239408057457
22.28247247247247,7.6616869270649435,6.926168180340533,8.397205673789355
22.305765765765766,7.6742629588904325,6.939384849059025,8.409141068721839
22.32905905905906,7.686829698272598,6.9526134503048835,8.421045946240312
22.35235235235235,7.699387209742301,6.965853742207982,8.432920677276618
22.375645645645644,7.711935557830393,6.9791054656298295,8.444765650030957
22.39893893893894,7.724474807067738,6.992368344434211,8.456581269701264
22.422232232232233,7.7370050219851825,7.005642085749397,8.468367958220968
22.445525525525525,7.749526267113589,7.018926380225188,8.480126154001992
22.468818818818818,7.762038606983814,7.032220902282096,8.491856311685533
22.49211211211211,7.774542106126713,7.045525310355423,8.503558901898003
22.515405405405406,7.787036829073143,7.058839247132786,8.5152344110135
22.5386986986987,7.799522840353957,7.072162339787219,8.526883340920694
22.56199199199199,7.812000204500015,7.085494200204369,8.538506208795662
22.585285285285284,7.824468986042172,7.098834425206354,8.55010354687799
22.608578578578577,7.836929249511283,7.11218259677031,8.561675902252256
22.631871871871873,7.849381059438209,7.125538282244795,8.573223836631623
22.655165165165165,7.861824480353803,7.138901034560721,8.584747926146886
22.678458458458458,7.874259576788921,7.152270392442608,8.596248761135234
22.70175175175175,7.88668641327442,7.165645880614029,8.607726945934811
22.725045045045043,7.899105054341156,7.179027010003363,8.619183098678949
22.74833833833834,7.91151556451999,7.192413277947141,8.63061785109284
22.77163163163163,7.923918008341772,7.2058041683927225,8.642031848290822
22.794924924924924,7.936312450337361,7.219199152099991,8.653425748574731
22.818218218218217,7.948698955037612,7.232597686842894,8.66480022323233
22.84151151151151,7.961077586973382,7.245999217611366,8.676155956335398
22.864804804804805,7.973448410675532,7.259403176813755,8.687493644537309
22.888098098098098,7.985811490674911,7.272808984480392,8.698813996869431
22.91139139139139,7.998166891502381,7.286216048469191,8.71011773453557
22.934684684684683,8.010514677688795,7.2996237646730435,8.721405590704546
22.95797797797798,8.022854913765013,7.313031517229628,8.732678310300397
22.98127127127127,8.035187664261885,7.326438678734564,8.743936649789207
23.004564564564564,8.047512993710274,7.339844610457645,8.755181376962904
23.027857857857857,8.059830966641032,7.353248662563944,8.76641327071812
23.05115115115115,8.072141647585017,7.36665017433787,8.777633120832164
23.074444444444445,8.08444510107309,7.380048474413713,8.788841727732468
23.097737737737738,8.0967413916361,7.393442881010581,8.800039902261616
23.12103103103103,8.109030583804905,7.4068327021742935,8.811228465435518
23.144324324324323,8.121312742110364,7.420217236023678,8.82240824819705
23.167617617617616,8.133587931083333,7.433595771006177,8.83358009116049
23.19091091091091,8.14585621525467,7.446967586158683,8.844744844350656
23.214204204204204,8.158117659155225,7.4603319513774595,8.855903366932992
23.237497497497497,8.17037232731586,7.47368812769495,8.86705652693677
23.26079079079079,8.18262028426743,7.487035367568018,8.87820520096684
23.284084084084082,8.19486159454079,7.500372915170496,8.889350273911083
23.307377377377378,8.207096322666796,7.513700006701126,8.900492638632468
23.33067067067067,8.219324533176309,7.527015870696539,8.911633195656078
23.353963963963963,8.231546290600182,7.5403197283569545,8.92277285284341
23.377257257257256,8.243761659469271,7.553610793882525,8.933912525056018
23.400550550550552,8.255970704314436,7.5668882748203865,8.945053133808486
23.423843843843844,8.268173489666525,7.580151372423179,8.956195606909871
23.447137137137137,8.280370080056402,7.593399282019595,8.967340878093209
23.47043043043043,8.292560540014922,7.606631193396895,8.978489886632948
23.493723723723722,8.304744934072941,7.6198462911958265,8.989643576950055
23.517017017017018,8.316923326761318,7.6330437553188135,9.00080289820382
23.54031031031031,8.329095782610901,7.64622276134945,9.011968803872351
23.563603603603603,8.341262366152556,7.659382480987123,9.023142251317989
23.586896896896896,8.353423141917133,7.672522082493536,9.03432420134073
23.61019019019019,8.365578174435491,7.685640731152522,9.045515617718461
23.633483483483484,8.37772752823849,7.698737589745106,9.0567174667318735
23.656776776776777,8.389871267856979,7.711811819034799,9.06793071667916
23.68007007007007,8.40200945782182,7.724862578270248,9.07915633737339
23.703363363363362,8.414142162663863,7.737889025698493,9.090395299629233
23.726656656656655,8.42626944691397,7.750890319092672,9.101648574735268
23.74994994994995,8.438391375103,7.763865616293132,9.11291713391287
23.773243243243243,8.450508011761803,7.776814075760966,9.124201947762641
23.796536536536536,8.462619421421238,7.7897348571457625,9.135503985696712
23.81982982982983,8.47472566861216,7.802627121862851,9.14682421536147
23.84312312312312,8.486826817865428,7.815490033687318,9.158163602043537
23.866416416416417,8.4989229337119,7.828322759354725,9.169523108069074
23.88970970970971,8.511014080682425,7.8411244691766235,9.180903692188227
23.913003003003002,8.523100323307865,7.8538943376657375,9.192306308949993
23.936296296296295,8.535181726119074,7.86663154417032,9.203731908067828
23.95958958958959,8.547258353646916,7.879335273519763,9.215181433774069
23.982882882882883,8.559330270422235,7.892004716676758,9.226655824167713
24.006176176176176,8.571397540975893,7.9046390713993375,9.238156010552448
24.02946946946947,8.58346022983875,7.917237542908558,9.24968291676894
24.05276276276276,8.595518401541657,7.929799344563772,9.261237458519542
24.076056056056057,8.607572120615476,7.942323698541543,9.27282054268941
24.09934934934935,8.619621451591057,7.954809836519081,9.284433066663032
24.122642642642642,8.63166645899926,7.967257000362456,9.296075917636065
24.145935935935935,8.643707207370941,7.979664442813633,9.307749971928247
24.169229229229227,8.655743761236955,7.992031428181209,9.319456094292702
24.192522522522523,8.667776185128163,8.004357233029062,9.331195137227265
24.215815815815816,8.679804543575415,8.016641146862927,9.342967940287902
24.23910910910911,8.691828901109572,8.028882472815155,9.354775329403989
24.2624024024024,8.703849322261487,8.041080528324029,9.366618116198945
24.285695695695694,8.71586587156202,8.053234645806906,9.378497097317133
24.30898898898899,8.727878613542025,8.065344173327263,9.390413053756786
24.332282282282282,8.73988761273236,8.077408475252025,9.402366750212696
24.355575575575575,8.751892933663878,8.089426932898384,9.414358934429373
24.378868868868867,8.763894640867441,8.101398945169962,9.426390336564921
24.40216216216216,8.7758927988739,8.11332392917977,9.438461668568028
24.425455455455456,8.787887472214114,8.125201320856698,9.45057362357153
24.44874874874875,8.799878725418939,8.137030575538642,9.462726875299236
24.47204204204204,8.811866623019231,8.148811168546132,9.47492207749233
24.495335335335334,8.823851229545848,8.160542595737162,9.487159863354535
24.51862862862863,8.835832609529648,8.172224374043685,9.499440845015611
24.541921921921922,8.84781082750148,8.183856041983256,9.511765613019703
24.565215215215215,8.859785947992204,8.195437160149925,9.524134735834483
24.588508508508507,8.87175803553268,8.206967311680621,9.53654875938474
24.6118018018018,8.883727154653762,8.218446102695424,9.5490082066121
24.635095095095096,8.895693369886306,8.229873162711531,9.561513577061081
24.65838838838839,8.907656745761166,8.24124814502986,9.574065346492471
24.68168168168168,8.919617346809206,8.252570727092824,9.586663966525588
24.704974974974974,8.931575237561272,8.263840610812403,9.599309864310142
24.728268268268266,8.943530482548228,8.275057522867973,9.612003442228483
24.751561561561562,8.95548314630093,8.286221214973668,9.62474507762819
24.774854854854855,8.967433293350231,8.297331464112563,9.637535122587899
24.798148148148147,8.979380988226987,8.30838807274051,9.650373903713465
24.82144144144144,8.991326295462057,8.319390868955518,9.663261721968597
24.844734734734732,9.0032692795863,8.3303397066358,9.676198852536801
24.86802802802803,9.015210005130566,8.341234465542414,9.689185544718718
24.89132132132132,9.027148536625717,8.35207505139085,9.702222021860583
24.914614614614614,9.039084938602604,8.362861395887679,9.71530848131753
24.937907907907906,9.051019275592088,8.373593456734516,9.72844509444966
24.961201201201202,9.062951612125026,8.384271217598778,9.741632006651274
24.984494494494495,9.07488201273227,8.394894688051538,9.754869337413
25.007787787787787,9.086810541944674,8.405463903472619,9.768157180416729
25.03108108108108,9.098737264293105,8.415978924925428,9.781495603660781
25.054374374374373,9.110662244308411,8.426439838997563,9.79488464961926
25.07766766766767,9.122585546521451,8.43684675761333,9.808324335429573
25.10096096096096,9.13450723546308,8.447199817815696,9.821814653110463
25.124254254254254,9.146427375664159,8.457499181518212,9.835355569810105
25.147547547547546,9.158346031655537,8.46774503523045,9.848947028080623
25.17084084084084,9.170263267968075,8.477937589754813,9.862588946181337
25.194134134134135,9.182179149132631,8.488077079858469,9.876281218406794
25.217427427427427,9.194093739680058,8.49816376391974,9.890023715440377
25.24072072072072,9.206007104141213,8.508197923551538,9.903816284730887
25.264014014014013,9.217919307046952,8.518179863201114,9.91765875089279
25.287307307307305,9.22983041292813,8.52810990972943,9.931550916126831
25.3106006006006,9.241740486315612,8.537988411971385,9.945492560659838
25.333893893893894,9.253649591740245,8.547815740275011,9.95948344320548
25.357187187187186,9.265557793732889,8.557592286026978,9.9735233014388
25.38048048048048,9.277465156824398,8.567318461158797,9.98761185249
25.40377377377377,9.289371745545631,8.576994697640941,10.001748793450322
25.427067067067068,9.301277624427446,8.586621446963107,10.015933801891784
25.45036036036036,9.313182858000694,8.596199179602364,10.030166536399024
25.473653653653653,9.325087510796234,8.605728384482399,10.044446637110068
25.496946946946945,9.336991647344925,8.615209568421902,10.05877372626795
25.52024024024024,9.348895332177623,8.624643255577256,10.07314740877799
25.543533533533534,9.360798629825178,8.634029986877218,10.087567272773137
25.566826826826826,9.372701604818452,8.643370319454379,10.102032890182526
25.59012012012012,9.384604321688302,8.652664826071168,10.116543817305436
25.61341341341341,9.396506844965582,8.661914094544933,10.131099595386232
25.636706706706708,9.408409239181154,8.671118727170157,10.14569975119215
25.66,9.420311568865863,8.680279340142159,10.160343797589567
