rt_source,rt_target_predicted,ci_lower,ci_upper
0.8,0.5879332110395729,-0.7221130453851282,1.8979794674642738
0.8084084084084084,0.5921315968795502,-0.7170599695915458,1.9013231633506462
0.8168168168168168,0.5963252457349698,-0.712037542698769,1.9046880341687085
0.8252252252252252,0.6005094206212742,-0.70705058938126,1.9080694306238084
0.8336336336336336,0.604679384553906,-0.7021039241004015,1.9114626932082135
0.842042042042042,0.6088304005483071,-0.6972023510684154,1.9148631521650294
0.8504504504504505,0.6129577316199204,-0.6923506642201813,1.9182661274600221
0.8588588588588589,0.6170566407841882,-0.6875536522528247,1.9216669338212011
0.8672672672672673,0.6211223910565523,-0.6828161085663714,1.9250608906794762
0.8756756756756757,0.6251502454524558,-0.6781428141603418,1.9284433050652534
0.8840840840840841,0.6291354669873406,-0.6735385335357429,1.931809467510424
0.8924924924924925,0.6330733186766493,-0.6690080147229511,1.9351546520762497
0.9009009009009009,0.6369590635358244,-0.6645559893292388,1.9384741164008876
0.9093093093093093,0.6407879645803082,-0.6601871749588045,1.941763104119421
0.9177177177177177,0.6445552848255429,-0.6559062783813414,1.9450168480324272
0.9261261261261262,0.6482562872869713,-0.6517179880040656,1.948230562578008
0.9345345345345346,0.6518868234247291,-0.6476263841095468,1.9514000309590052
0.942942942942943,0.6554470441454889,-0.6436312280206169,1.9545253163115948
0.9513513513513514,0.6589390081694969,-0.6397303539266727,1.9576083702656666
0.9597597597597598,0.6623647828120047,-0.6359215689828004,1.9606511346068098
0.9681681681681682,0.6657264353882633,-0.6322026626221262,1.9636555333986527
0.9765765765765766,0.669026033213525,-0.6285714047563126,1.9666234711833628
0.984984984984985,0.6722656436030413,-0.6250255457587975,1.96955683296488
0.9933933933933934,0.6754473338720636,-0.621562816790516,1.972457484534643
1.0018018018018018,0.6785731713358437,-0.6181809301537408,1.975327272825428
1.0102102102102102,0.6816452233096331,-0.6148775801463702,1.9781680267656363
1.0186186186186186,0.6846655571086835,-0.6116504444078406,1.9809815586252075
1.027027027027027,0.6876362400482464,-0.6084971838849206,1.9837696639814135
1.0354354354354354,0.690559339443574,-0.6054154431490159,1.9865341220361636
1.0438438438438438,0.693436922609917,-0.6024028508303051,1.9892766960501391
1.0522522522522522,0.6962710568625277,-0.5994570200915423,1.9919991338165977
1.0606606606606608,0.6990637473370036,-0.5965756134192046,1.9947031080932118
1.069069069069069,0.7018160945960927,-0.5937571885826507,1.9973893777748362
1.0774774774774776,0.7045285158338439,-0.5910009756101815,2.000058007277869
1.0858858858858857,0.7072014113989744,-0.5883062103448575,2.002709033142806
1.0942942942942944,0.7098351816402004,-0.5856721180326909,2.005342481313092
1.1027027027027028,0.7124302269062387,-0.5830979138514517,2.007958367663929
1.1111111111111112,0.7149869475458054,-0.580582809121598,2.010556704213209
1.1195195195195196,0.7175057439076173,-0.57812601722138,2.0131375050366147
1.127927927927928,0.7199870163403913,-0.5757267472597164,2.015700779940499
1.1363363363363364,0.7224311651928436,-0.573384203639646,2.0182465340253333
1.1447447447447447,0.7248385908136905,-0.5710975863575676,2.020774767984949
1.1531531531531531,0.727209693551649,-0.5688660913058665,2.0232854784091643
1.1615615615615615,0.7295448737554352,-0.5666889105787974,2.025778658089668
1.16996996996997,0.7318445317737663,-0.5645652327814743,2.028254296329007
1.1783783783783783,0.7341090679553581,-0.5624942433418367,2.030712379252553
1.1867867867867867,0.7363388826489281,-0.5604751248254598,2.033152890123316
1.1951951951951951,0.7385343762031923,-0.5585070572530838,2.0355758096594685
1.2036036036036035,0.7406959489668671,-0.5565892184207358,2.03798111635447
1.212012012012012,0.7428240012886691,-0.5547207842223283,2.0403687867996663
1.2204204204204203,0.7449189335173151,-0.5529009289746224,2.0427387960092527
1.2288288288288287,0.7469811460015215,-0.5511288257444508,2.0450911177474937
1.2372372372372373,0.7490110390900051,-0.5494036466780883,2.0474257248580985
1.2456456456456455,0.7510090131314819,-0.5477245633326899,2.049742589595654
1.2540540540540541,0.7529754684746692,-0.5460907470096827,2.052041683959021
1.2624624624624623,0.7549108054682829,-0.544501369090052,2.054322980026618
1.270870870870871,0.75681542446104,-0.542955601371414,2.056586450293494
1.2792792792792793,0.7586897258016566,-0.5414526164068293,2.0588320680101426
1.2876876876876877,0.7605341098388502,-0.5399915878452625,2.061059807522963
1.296096096096096,0.762348976921336,-0.5385716907736503,2.063269644616322
1.3045045045045045,0.7641347273978316,-0.5371921020604948,2.065461556856158
1.312912912912913,0.765891761617053,-0.5358520007009625,2.0676355239350683
1.3213213213213213,0.7676204799277171,-0.5345505681634153,2.0697915280188495
1.3297297297297297,0.7693212826785402,-0.533286988737358,2.0719295540944382
1.338138138138138,0.7709945702182386,-0.5320604498827515,2.0740495903192286
1.3465465465465465,0.7726407428955299,-0.5308701425806798,2.0761516283717394
1.3549549549549549,0.7742602010591295,-0.5297152616853398,2.078235663803599
1.3633633633633633,0.7758533450577546,-0.5285950062773425,2.080301696392852
1.3717717717717717,0.7774205752401216,-0.5275085800183149,2.0823497304985583
1.38018018018018,0.7789622919549474,-0.5264551915067969,2.0843797754166915
1.3885885885885885,0.780478895550948,-0.5254340546354378,2.086391845737334
1.396996996996997,0.78197078637684,-0.5244443889494917,2.088385961703172
1.4054054054054053,0.7834383647813398,-0.5234854240899885,2.090362153652668
1.4138138138138139,0.7848820311131649,-0.5225564483709985,2.0923205105973284
1.422222222222222,0.786302185721031,-0.5216567943689112,2.0942611658109733
1.4306306306306307,0.7876992289536546,-0.520785804381829,2.096184262289138
1.4390390390390388,0.7890735611597526,-0.5199428295267845,2.0980899518462897
1.4474474474474475,0.7904255826880415,-0.5191272295338552,2.099978394909938
1.4558558558558556,0.7917556938872383,-0.5183383725424613,2.101849760316938
1.4642642642642643,0.7930642951060586,-0.5175756348999229,2.10370422511204
1.4726726726726727,0.7943517866932199,-0.5168384009623219,2.105541974348762
1.481081081081081,0.795618568997438,-0.5161260628977433,2.1073632008926193
1.4894894894894894,0.7968650423674295,-0.5154380204919322,2.109168105226791
1.4978978978978978,0.7980916071519119,-0.5147736809564282,2.110956895260252
1.5063063063063062,0.7992986636996008,-0.5141324587392143,2.112729786138416
1.5147147147147146,0.800486612359213,-0.5135137753379243,2.1144870000563505
1.523123123123123,0.8016558534794648,-0.5129170591156521,2.1162287660745815
1.5315315315315314,0.8028067874090734,-0.5123417451193868,2.1179553199375336
1.5399399399399398,0.803939814496755,-0.5117872749011242,2.1196669038946343
1.5483483483483482,0.8050553350912262,-0.5112530963416646,2.1213637665241167
1.5567567567567566,0.8061537495412034,-0.5107386634771398,2.1230461625595467
1.565165165165165,0.8072354581954031,-0.5102434363282842,2.1247143527190904
1.5735735735735736,0.8083008614025425,-0.5097668807324781,2.1263686035375633
1.5819819819819818,0.8093503595113373,-0.5093084681785823,2.1280091872012568
1.5903903903903904,0.8103843528705046,-0.5088676756445769,2.129636381385586
1.5987987987987986,0.8114032418287606,-0.5084439854380315,2.1312504690955527
1.6072072072072072,0.8124074267348221,-0.5080368850394056,2.13285173850905
1.6156156156156154,0.81339730793740594,-0.5076458669482109,2.134440482823023
1.624024024024024,0.8143732857852279,-0.5072704285320249,2.1360170001024805
1.6324324324324322,0.8153357606270052,-0.506910071878384,2.1375815931323943
1.6408408408408408,0.8162851328114542,-0.5065643036495553,2.1391345692724637
1.649249249249249,0.8172218026872913,-0.5062326349401904,2.140676240314773
1.6576576576576576,0.8181461706032332,-0.5059145811378757,2.142206922344342
1.666066066066066,0.8190586369079964,-0.5056096617865766,2.1437269356025697
1.6744744744744744,0.8199595662940747,-0.5053174361092009,2.1452365686973502
1.6828828828828828,0.8208491466335035,-0.5050376440410813,2.1467359373080885
1.6912912912912912,0.8217275110886556,-0.5047700839913271,2.1482251061686384
1.6996996996996996,0.822594792805675,-0.5045145580244336,2.1497041436357835
1.708108108108108,0.8234511249307054,-0.5042708717220096,2.1511731215834202
1.7165165165165164,0.8242966406098908,-0.5040388340636248,2.1526321152834065
1.7249249249249248,0.825131472989375,-0.503818257310562,2.1540812032893117
1.7333333333333332,0.8259557552153015,-0.5036089568924588,2.1555204673230617
1.7417417417417416,0.8267696204338143,-0.5034107512968503,2.156949992164479
1.7501501501501502,0.8275732017910571,-0.503223461961591,2.158369865543705
1.7585585585585584,0.8283666324331738,-0.5030469131701676,2.159780178036515
1.766966966966967,0.8291500455063081,-0.5028809319498906,2.1611810229625066
1.7753753753753752,0.8299235741566038,-0.5027253479729585,2.162572496286166
1.7837837837837838,0.8306873515302045,-0.5025799934603918,2.1639546965208005
1.792192192192192,0.8314415107732542,-0.5024447030888284,2.165327724635337
1.8006006006006006,0.8321861850318967,-0.502319313904814,2.1666916839686072
1.809009009009009,0.8329215074522759,-0.5022036807303508,2.1680466956349025
1.8174174174174174,0.8336476111805352,-0.5020977097090248,2.169392932070095
1.8258258258258258,0.8343646293628187,-0.5020013166537863,2.170730575379424
1.8342342342342342,0.8350726951452702,-0.501914416455811,2.1720598067463515
1.8426426426426425,0.8357719416740331,-0.5018369227666301,2.173380806114696
1.851051051051051,0.8364625020952517,-0.5017687476902976,2.174693751880801
1.8594594594594593,0.8371445095550695,-0.501709801485568,2.175998820595707
1.8678678678678677,0.8378180971996304,-0.501659992278055,2.177296186677316
1.8762762762762761,0.8384833981750781,-0.5016192257823462,2.178586022132502
1.8846846846846845,0.8391405456275564,-0.5015874050340409,2.1798684962891537
1.893093093093093,0.8397896727032091,-0.5015644301316954,2.181143775538114
1.9015015015015013,0.8404309125481803,-0.5015501979886382,2.1824120230849986
1.9099099099099097,0.8410643983086132,-0.501544602094633,2.1836733987118597
1.9183183183183181,0.8416902631306519,-0.501544602094633,2.1849280585486714
1.9267267267267265,0.8423086401604399,-0.501544602094633,2.18617615485461
1.935135135135135,0.8429196625441215,-0.501544602094633,2.1874178358091063
1.9435435435435433,0.8435234634278401,-0.501544602094633,2.18865324531263
1.9519519519519517,0.84412017595774,-0.501544602094633,2.1898825227972005
1.96036036036036,0.8447099332799645,-0.501544602094633,2.1911058030465718
1.9687687687687687,0.8452928685406572,-0.501544602094633,2.1923232160260833
1.9771771771771771,0.845869114885962,-0.501544602094633,2.1935348867221363
1.9855855855855855,0.8464388054620235,-0.501544602094633,2.194740934991268
1.993993993993994,0.8470020734149845,-0.501544602094633,2.1959414754187954
2.002402402402402,0.8475590518909888,-0.501544602094633,2.1971366171869957
2.0108108108108107,0.8481098740361813,-0.501544602094633,2.198326463952797
2.0192192192192193,0.848654672996704,-0.501544602094633,2.199511113734926
2.0276276276276275,0.8491935819187025,-0.501544602094633,2.200690658810516
2.0360360360360357,0.8497267339483195,-0.501544602094633,2.201865185621097
2.0444444444444443,0.8502542622316989,-0.501544602094633,2.2030347746879633
2.052852852852853,0.8507762999149853,-0.501544602094633,2.204199500536871
2.061261261261261,0.8512929801443213,-0.501544602094633,2.20535943163202
2.0696696696696693,0.8518044360658514,-0.501544602094633,2.2065146303192966
2.078078078078078,0.852310800825719,-0.501544602094633,2.207665152778721
2.0864864864864865,0.8528122075700689,-0.501544602094633,2.208811048986072
2.0948948948948947,0.8533087894450431,-0.501544602094633,2.2099523626836275
2.103303303303303,0.8538006795967868,-0.501544602094633,2.211089131360009
2.1117117117117115,0.8542880111714429,-0.501544602094633,2.212221386239042
2.12012012012012,0.8547709173151568,-0.501544602094633,2.213349152277636
2.1285285285285283,0.8552495311740699,-0.501544602094633,2.214472448172586
2.1369369369369364,0.8557239858943281,-0.501544602094633,2.2155912863763025
2.145345345345345,0.8561944146220741,-0.501544602094633,2.216705673121374
2.1537537537537537,0.8566609505034517,-0.501544602094633,2.2178156084539395
2.1621621621621623,0.8571237266846045,-0.501544602094633,2.2189210862758255
2.1705705705705705,0.8575828763116774,-0.501544602094633,2.220022094395376
2.1789789789789786,0.8580385325308132,-0.501544602094633,2.221118614586942
2.1873873873873872,0.8584908284881558,-0.501544602094633,2.2222106226589835
2.195795795795796,0.8589398973298497,-0.501544602094633,2.223298088530715
2.204204204204204,0.8593858722020374,-0.501544602094633,2.224380976317261
2.212612612612612,0.859828886250864,-0.501544602094633,2.2254592444232637
2.221021021021021,0.8602690726224722,-0.501544602094633,2.2265328456448903
2.2294294294294295,0.8607065644630063,-0.501544602094633,2.2276017272801996
2.2378378378378376,0.8611414949186108,-0.501544602094633,2.2286658312478007
2.246246246246246,0.8615739971354281,-0.501544602094633,2.229725094213773
2.2546546546546544,0.8620042042596024,-0.501544602094633,2.2307794477267877
2.263063063063063,0.8624322494372781,-0.501544602094633,2.2318288183613895
2.271471471471471,0.8628582658145988,-0.501544602094633,2.2328731278693827
2.2798798798798794,0.863282386537708,-0.501544602094633,2.2339122933392863
2.288288288288288,0.863704744752749,-0.501544602094633,2.234946227363814
2.2966966966966966,0.8641254736058669,-0.501544602094633,2.2359748382153253
2.305105105105105,0.8645447062432042,-0.501544602094633,2.2369980300292194
2.313513513513513,0.8649625758109055,-0.501544602094633,2.238015702995229
2.3219219219219216,0.8653792154551148,-0.501544602094633,2.2390277535565715
2.33033033033033,0.8657947583219753,-0.501544602094633,2.2400340746169323
2.338738738738739,0.8662093375576303,-0.501544602094633,2.241034555755241
2.347147147147147,0.8666230863082254,-0.501544602094633,2.242029083448217
2.355555555555555,0.8670361377199012,-0.501544602094633,2.2430175413006403
2.363963963963964,0.8674486249388045,-0.501544602094633,2.2439998102833614
2.3723723723723724,0.8678606811110788,-0.501544602094633,2.244975768978976
2.3807807807807806,0.8682724393828668,-0.501544602094633,2.245945293835193
2.3891891891891888,0.8686840329003116,-0.501544602094633,2.2469082594258563
2.3975975975975974,0.8690955948095598,-0.501544602094633,2.2478645387196226
2.406006006006006,0.8695072582567522,-0.501544602094633,2.2488140033562667
2.414414414414414,0.8699191563880331,-0.501544602094633,2.2497565239306434
2.4228228228228224,0.8703314223495485,-0.501544602094633,2.2506919702842754
2.431231231231231,0.8707441892874399,-0.501544602094633,2.2516202118045867
2.4396396396396396,0.8711575903478518,-0.501544602094633,2.2525411177317927
2.4480480480480478,0.8715717586769277,-0.501544602094633,2.2534545574734506
2.456456456456456,0.8719868274208132,-0.501544602094633,2.2543604162854662
2.4648648648648646,0.8724029297256491,-0.501544602094633,2.255258707619053
2.473273273273273,0.8728201987375817,-0.501544602094633,2.256149512705033
2.4816816816816814,0.8732387676027529,-0.501544602094633,2.257032919991997
2.4900900900900895,0.8736587694673081,-0.501544602094633,2.2579090245405027
2.498498498498498,0.8740803374773899,-0.501544602094633,2.2587779278410065
2.5069069069069068,0.8745036047791427,-0.501544602094633,2.2596397376343482
2.5153153153153154,0.8749287045187097,-0.501544602094633,2.2604945677347406
2.5237237237237236,0.8753557698422368,-0.501544602094633,2.2613425378552536
2.5321321321321317,0.8757849338958641,-0.501544602094633,2.262183773435755
2.5405405405405403,0.8762163298257387,-0.501544602094633,2.263018405473301
2.548948948948949,0.8766500907780028,-0.501544602094633,2.2638465703549198
2.557357357357357,0.8770863498987997,-0.501544602094633,2.2646684096927983
2.5657657657657653,0.8775252403342747,-0.501544602094633,2.265484070161804
2.574174174174174,0.8779668952305707,-0.501544602094633,2.266293703339355
2.5825825825825826,0.878411447733832,-0.501544602094633,2.267097465547572
2.5909909909909907,0.8788590309902015,-0.501544602094633,2.267895517697722
2.599399399399399,0.8793097781458227,-0.501544602094633,2.268688025136895
2.6078078078078075,0.8797638223468418,-0.501544602094633,2.269475157496906
2.616216216216216,0.8802212967394006,-0.501544602094633,2.2702570885453803
2.6246246246246243,0.8806823344696424,-0.501544602094633,2.271033996039011
2.6330330330330325,0.8811470686837124,-0.501544602094633,2.2718060615789515
2.641441441441441,0.8816156325277537,-0.501544602094633,2.2725734704683136
2.6498498498498497,0.8820881591479105,-0.501544602094633,2.2733364115717523
2.658258258258258,0.8825647816903258,-0.501544602094633,2.2740950771771087
2.666666666666666,0.8830456333011446,-0.501544602094633,2.274849662859089
2.6750750750750747,0.8835308471265095,-0.501544602094633,2.2756003673449388
2.6834834834834833,0.8840205563125645,-0.501544602094633,2.276347392382112
2.691891891891892,0.8845148940054541,-0.501544602094633,2.2770909426078956
2.7003003003003,0.8850139933513226,-0.501544602094633,2.2778312254209565
2.7087087087087083,0.8855179874963115,-0.501544602094633,2.2785684508548125
2.717117117117117,0.8860270095865665,-0.501544602094633,2.279302831453193
2.7255255255255255,0.8865411927682301,-0.501544602094633,2.2800345821472474
2.7339339339339337,0.8870606701874475,-0.501544602094633,2.2807639201346173
2.742342342342342,0.887585574990362,-0.501544602094633,2.2814910647603193
2.7507507507507505,0.8881160403231165,-0.501544602094633,2.2822162373994352
2.759159159159159,0.8886521993318556,-0.501544602094633,2.2829396613415818
2.7675675675675673,0.8891941851627225,-0.501544602094633,2.2836615616771474
2.7759759759759755,0.8897421309618618,-0.501544602094633,2.284382165185268
2.784384384384384,0.890296169875418,-0.501544602094633,2.2851017002235317
2.7927927927927927,0.8908564350495329,-0.501544602094633,2.2858203966193904
2.8012012012012013,0.8914230596303512,-0.501544602094633,2.2865384855632667
2.809609609609609,0.8919961767640165,-0.501544602094633,2.2872561995033314
2.8180180180180177,0.8925759195966725,-0.501544602094633,2.2879737720419433
2.8264264264264263,0.8931624212744641,-0.501544602094633,2.2886914378337364
2.834834834834835,0.8937558149435336,-0.501544602094633,2.2894094324853254
2.8432432432432426,0.8943562337500257,-0.5014155249565933,2.290127992456645
2.8516516516516512,0.894963810840084,-0.500919733283712,2.29084735496388
2.86006006006006,0.8955786793598526,-0.5004103991642839,2.291567757883989
2.8684684684684685,0.896200972455473,-0.4998874947498603,2.2922894396608062
2.876876876876876,0.8968308232730928,-0.4993509926665327,2.2930126392127184
2.885285285285285,0.897468364958853,-0.49880086592417305,2.293737595841879
2.8936936936936934,0.8981137306588984,-0.49823708782719667,2.2944645491449935
2.902102102102102,0.8987670535193729,-0.49765963188687234,2.2951937389256183
2.91051051051051,0.8994284666864198,-0.49706847173516344,2.295925405108003
2.9189189189189184,0.9000981033061826,-0.4964635810400799,2.296659787652445
2.927327327327327,0.9007760965248066,-0.4958449334225401,2.2973971264721533
2.9357357357357357,0.9014625794884342,-0.4952125023747508,2.2981376613516193
2.9441441441441434,0.9021576853432094,-0.4945662611800632,2.298881631866482
2.952552552552552,0.9028615472352766,-0.4939061828343332,2.299629277304886
2.9609609609609606,0.903574298310778,-0.4932322399687621,2.300380836590318
2.9693693693693692,0.9042960717158595,-0.49254440477421,2.301136548205929
2.977777777777778,0.9050270005966635,-0.4918426489269959,2.301896650120323
2.9861861861861856,0.9057672180993351,-0.4911269435161506,2.302661379714821
2.994594594594594,0.9065168573700162,-0.49039725897215214,2.3034309737121843
3.003003003003003,0.9072760515548518,-0.4896535649971022,2.304205668106806
3.0114114114114114,0.9080449337999864,-0.48889583049637986,2.3049856980963526
3.019819819819819,0.9088236372515615,-0.488124023511745,2.305771298014868
3.028228228228228,0.9096122950557228,-0.48733811115588077,2.3065627012673264
3.0366366366366364,0.9104110403586132,-0.48653805954841034,2.3073601402656365
3.045045045045045,0.9112200063063773,-0.4857238337533447,2.3081638463660994
3.0534534534534528,0.9120393260451577,-0.4848953977179876,2.308974049808303
3.0618618618618614,0.9128691327210993,-0.48405271421328167,2.3097909796554803
3.07027027027027,0.9137095594803458,-0.4831957447756051,2.310614863736297
3.0786786786786786,0.9145607394690399,-0.4823244496500144,2.3114459285880944
3.0870870870870863,0.9154228058333264,-0.4814387877349259,2.3122843994015785
3.095495495495495,0.9162958917193494,-0.48053871652825275,2.3131304999669515
3.1039039039039036,0.9171801302732522,-0.47962419207498186,2.313984452621486
3.112312312312312,0.9180756546411779,-0.47869516891620245,2.3148464781985583
3.12072072072072,0.9189825979692708,-0.4777516000395755,2.3157167959781173
3.1291291291291286,0.9199010934036753,-0.47679343683126096,2.3165956236386114
3.137537537537537,0.920831274090534,-0.47582062902929123,2.3174831772103595
3.145945945945946,0.9217732731759912,-0.47483312467839267,2.318379671030375
3.1543543543543544,0.922727223806192,-0.47383087008627023,2.3192853176986543
3.162762762762762,0.9236932591272781,-0.4728138097813427,2.3202003280358987
3.1711711711711708,0.9246715122853946,-0.47178188647193076,2.3211249110427197
3.1795795795795794,0.9256621164266846,-0.47073504100691566,2.322059273860285
3.187987987987988,0.9266652046972932,-0.4696732123378484,2.323003621732435
3.1963963963963957,0.9276809102433614,-0.4685963374825366,2.323958157969259
3.2048048048048043,0.9287093662110354,-0.46750435149008374,2.3249230839121546
3.213213213213213,0.9297507057464596,-0.46639718740740643,2.3258985989003254
3.2216216216216216,0.9308050619957751,-0.4652747762472309,2.326884900238781
3.2300300300300293,0.9318725681051271,-0.4641370469575442,2.3278821831677985
3.238438438438438,0.9329533572206603,-0.4629839263925415,2.328890640833862
3.2468468468468465,0.9340475624885178,-0.4618153392850479,2.329910464262084
3.255255255255255,0.935155317054842,-0.4606312082204237,2.3309418423301076
3.263663663663663,0.9362767540657783,-0.4594314536119476,2.3319849617435042
3.2720720720720715,0.9374120066674703,-0.45821599367770505,2.3330400070126456
3.28048048048048,0.938561208006062,-0.45698474441895576,2.33410716043108
3.2888888888888888,0.939724491227695,-0.45573761960000025,2.33518660205539
3.2972972972972965,0.9409019894785168,-0.45447453072953603,2.3362785096865695
3.305705705705705,0.9420938359046688,-0.4531953870435329,2.3373830588528706
3.3141141141141137,0.9433001636522943,-0.45190009548958965,2.338500422794178
3.3225225225225223,0.9445211058675382,-0.45058856071280684,2.339630772447883
3.330930930930931,0.9457567956965446,-0.4492606850431665,2.340774276436256
3.3393393393393387,0.947007366285457,-0.4479163684844223,2.3419311010553363
3.3477477477477473,0.9482729507804171,-0.446555508704503,2.343101410265337
3.356156156156156,0.9495536823275721,-0.44517800102742355,2.344285365682568
3.3645645645645645,0.9508496940730645,-0.44378373842673124,2.3454831265728604
3.3729729729729723,0.9521611191630373,-0.4423726115204569,2.346694849846531
3.381381381381381,0.9534880907436339,-0.44094450856758993,2.347920690054858
3.3897897897897895,0.9548307419609996,-0.439499315466084,2.349160799388083
3.398198198198198,0.9561892059612785,-0.4380369157523837,2.350415327674941
3.406606606606606,0.9575636158906127,-0.43655719060248743,2.3516844223837126
3.4150150150150145,0.9589541048951463,-0.43506001883452494,2.3529682286248175
3.423423423423423,0.9603608061210238,-0.4335452769128796,2.3542668891549274
3.4318318318318317,0.961783852714389,-0.4320128389538417,2.3555805443826197
3.4402402402402394,0.9632233778213847,-0.4304625767327944,2.356909332375564
3.448648648648648,0.9646795145881565,-0.4288943596929319,2.3582533888692447
3.4570570570570567,0.9661523961608457,-0.42730805495552626,2.3596128472772175
3.4654654654654653,0.9676421556855991,-0.4257035273317188,2.360987838702917
3.473873873873873,0.9691489263085574,-0.4240806393358668,2.3623784919529816
3.4822822822822816,0.9706728411758664,-0.4224392512004148,2.3637849335521475
3.4906906906906903,0.9722140334336692,-0.42077922089232034,2.3652072877596586
3.499099099099099,0.9737726362281098,-0.41910040413101646,2.366645676587236
3.5075075075075075,0.9753487827053319,-0.4174026544079191,2.368100219818583
3.5159159159159152,0.9769426060114793,-0.4156858230074797,2.369571035030438
3.524324324324324,0.9785542392926959,-0.4139497590297775,2.3710582376151694
3.5327327327327325,0.9801838156951251,-0.41219430941466506,2.3725619408049154
3.541141141141141,0.981831468364911,-0.41041931896745454,2.3740822556972763
3.549549549549549,0.9834973304481974,-0.40862463038614705,2.375619291282542
3.5579579579579574,0.9851815350911278,-0.40681008429021925,2.377173154472475
3.566366366366366,0.9868842154398462,-0.4049755192509473,2.3787439501306396
3.5747747747747747,0.988605504640496,-0.4031207718232779,2.38033178110427
3.5831831831831824,0.990345535839223,-0.4012456765792567,2.3819367482577025
3.591591591591591,0.9921044421821675,-0.3993500661429964,2.3835589505073314
3.5999999999999996,0.9938823568154755,-0.3974337712271916,2.385198484858143
3.6084084084084083,0.995679412885291,-0.39549662067118985,2.386855446441772
3.616816816816816,0.9974957435377569,-0.39353844148060446,2.3885299285561183
3.6252252252252246,0.9993314819190173,-0.3915590588684834,2.390222022706518
3.6336336336336332,1.0011867611752159,-0.38955829629801797,2.39193181864845
3.642042042042042,1.0030617144524963,-0.3875359755268115,2.393659404431804
3.6504504504504496,1.004956474897004,-0.38549191665269045,2.3954048664466985
3.658858858858858,1.00687117565488,-0.38342593816107695,2.3971682894708373
3.667267267267267,1.0088059498722692,-0.3813378569738941,2.398949756718433
3.6756756756756754,1.0107609306953167,-0.37922748850004373,2.400749349890677
3.684084084084084,1.0127362512701648,-0.37709464668742765,2.402567149227757
3.692492492492492,1.0147320447429573,-0.3749391440765204,2.404403233562435
3.7009009009009004,1.016748444259839,-0.3727607918555007,2.4062576803751785
3.709309309309309,1.0187855829669525,-0.3705593999169394,2.4081305658508443
3.7177177177177176,1.0208435940104428,-0.36833477691604033,2.410021964936926
3.7261261261261254,1.0229226105364524,-0.3660867303304485,2.4119319514033535
3.734534534534534,1.0250227656911255,-0.36381506652160533,2.4138605979038563
3.7429429429429426,1.0271441926206073,-0.3615195907976789,2.4158079760388933
3.7513513513513512,1.02928702447104,-0.35920010747805264,2.4177741564201325
3.759759759759759,1.031451394388567,-0.3568564199593798,2.419759208736514
3.7681681681681676,1.0336374355193336,-0.3544883307832061,2.4217632018218733
3.776576576576576,1.035845281009482,-0.3520956417051704,2.4237862037241342
3.784984984984985,1.0380750640051577,-0.34967815376577005,2.4258282817760852
3.7933933933933925,1.0403269176525038,-0.3472356673627113,2.427889502667719
3.801801801801801,1.0426009750976628,-0.34476798232484085,2.4299699325201667
3.81021021021021,1.0448973694867811,-0.3422748979876509,2.432069636961213
3.8186186186186184,1.047216233966,-0.33975621327039285,2.434188681202393
3.827027027027026,1.0495577016814648,-0.3372117267547645,2.436327130117694
3.8354354354354347,1.051921905779318,-0.33464123676520874,2.438485048323845
3.8438438438438434,1.054308979405705,-0.33204454145080176,2.4406625002622118
3.852252252252252,1.0567190557067685,-0.32942143886876796,2.442859550282305
3.8606606606606606,1.059152267828653,-0.3267717270695887,2.4450762627268947
3.8690690690690683,1.0616087489175008,-0.3240952041837437,2.4473127020187455
3.877477477477477,1.064088632119457,-0.3213916685100717,2.449568932748986
3.8858858858858856,1.0665920505806654,-0.31866091860576584,2.451845019767097
3.894294294294294,1.0691191374472697,-0.3159027533780112,2.4541410282725504
3.902702702702702,1.0716700258654126,-0.31311697217726664,2.456457023908092
3.9111111111111105,1.0742448489812395,-0.31030337489219684,2.458793072854676
3.919519519519519,1.0768437399408934,-0.30746176204627984,2.4611492419280667
3.9279279279279278,1.079466831890518,-0.30459193489607417,2.4635255986771103
3.9363363363363355,1.0821142579762568,-0.3016936955311733,2.465922211483687
3.944744744744744,1.0847861513442545,-0.2987668469758473,2.4683391496643563
3.9531531531531527,1.0874826451406545,-0.29581119329238637,2.4707764835736956
3.9615615615615614,1.0902038725116006,-0.29282653968615424,2.4732342847093554
3.969969969969969,1.0929499666032354,-0.2898126926123612,2.475712625818832
3.9783783783783777,1.0957210605617047,-0.2867694598845678,2.4782115810079772
3.9867867867867863,1.098517287533151,-0.283696650784937,2.480731225851239
3.995195195195195,1.1013387806637185,-0.2805940761762342,2.4832716375036714
4.003603603603603,1.1041856730995512,-0.27746154861559824,2.485832894814701
4.012012012012011,1.1070580979867923,-0.2742988824700936,2.488415078443678
4.02042042042042,1.109956188471586,-0.27110589403404983,2.491018270977222
4.0288288288288285,1.1128800777000762,-0.2678824016482104,2.493642557048363
4.037237237237237,1.1158298988184059,-0.26462822582070333,2.496288023457515
4.045645645645645,1.118805784972719,-0.26134318934983614,2.498954759295274
4.0540540540540535,1.1218078693091607,-0.2580271174487483,2.5016428560670696
4.062462462462462,1.124836284973874,-0.2546798378719215,2.5043524078196695
4.070870870870871,1.1278911651130021,-0.2513011810435637,2.5070835112695677
4.0792792792792785,1.1309726428726887,-0.2478909801878919,2.509836265933269
4.087687687687687,1.1340808513990785,-0.244449071461313,2.5126107742594703
4.096096096096096,1.1372159238383153,-0.24097529408653862,2.515407141763169
4.104504504504504,1.1403779933365414,-0.23746949048862898,2.518225477161712
4.112912912912912,1.1435671930399023,-0.23393150643299232,2.521065892512797
4.121321321321321,1.1467836560945415,-0.23036119116536113,2.523928503354444
4.129729729729729,1.150027515646602,-0.22675839755374883,2.526813428846953
4.138138138138138,1.1532989048422284,-0.22312298223240545,2.529720791916862
4.146546546546546,1.1565979568275628,-0.21945480574780252,2.532650719402928
4.154954954954954,1.1599248047487516,-0.2157537327066381,2.5356033422041415
4.163363363363363,1.163279581751937,-0.21201963192590823,2.5385787954297823
4.1717717717717715,1.1666624209832628,-0.20825237658502838,2.541577218551554
4.180180180180179,1.1700734555888728,-0.20445184438004826,2.544598755557794
4.188588588588588,1.1735128187149115,-0.20061791767995496,2.547643555109778
4.1969969969969965,1.1769806435075219,-0.19675048368509995,2.5507117707001434
4.205405405405405,1.1804770631128487,-0.19284943458773163,2.553803560813429
4.213813813813814,1.1840022106770343,-0.18891466773469623,2.5569190890887645
4.222222222222221,1.1875562193462235,-0.184946085792266,2.560058524484713
4.23063063063063,1.19113922226656,-0.18094359691315143,2.5632220414462714
4.239039039039039,1.1947513525841875,-0.17690711490568978,2.566409820074065
4.247447447447447,1.1983927434452497,-0.17283655940521858,2.569622046295718
4.255855855855855,1.2020635279958898,-0.16873185604765828,2.572858912039438
4.264264264264264,1.2057638393822532,-0.16459293664529873,2.5761206154098053
4.272672672672672,1.2094938107504818,-0.16041973936481413,2.579407360865778
4.281081081081081,1.2132535752467213,-0.15621220890749465,2.5827193594009374
4.289489489489489,1.2170432660171133,-0.15197029669172402,2.5860568287259507
4.297897897897897,1.2208630162078036,-0.14769396103767907,2.589419993453286
4.306306306306306,1.2247129589649348,-0.14338317504252052,2.59280909297239
4.3147147147147145,1.228593227434651,-0.13903798460493166,2.5962244394742333
4.323123123123122,1.232503955568228,-0.13465847137117826,2.5996663825076345
4.331531531531531,1.2364461624551615,-0.13024383308281662,2.6031361579931396
4.339939939939939,1.2404234429213623,-0.1257906925032395,2.606637578345964
4.348348348348348,1.2444398577255866,-0.12129520704028907,2.6101749224914625
4.356756756756756,1.248499467626593,-0.11675353450371628,2.6137524697569026
4.365165165165164,1.2526063333831388,-0.11216183293539883,2.6173744997016763
4.373573573573573,1.2567645157539802,-0.10751626044513762,2.6210452919530978
4.381981981981982,1.2609780754978754,-0.10281297505205456,2.6247691260478057
4.39039039039039,1.2652510733735816,-0.09804813453159089,2.628550281278754
4.398798798798798,1.2695875701398558,-0.09321789626812449,2.6323930365478363
4.407207207207207,1.2739916265554556,-0.08831842525600009,2.6363016783669115
4.415615615615615,1.2784673033791385,-0.08334593474128438,2.6402805414995614
4.424024024024024,1.2830186613696613,-0.07829665186202317,2.644333974601346
4.432432432432432,1.287649761285781,-0.07316679758372202,2.6484663201552836
4.44084084084084,1.2923646638862554,-0.06795258632612144,2.652681914098632
4.449249249249249,1.297167429929842,-0.0626502256455379,2.6569850855052217
4.457657657657657,1.3020621201752984,-0.057255915934544266,2.661380156285141
4.466066066066065,1.3070527953813802,-0.05176585013911028,2.6658714409018707
4.474474474474474,1.3121435163068467,-0.0461762134932604,2.6704632461069537
4.482882882882882,1.3173383437104547,-0.04048318327138256,2.675159870692292
4.491291291291291,1.3226413383509608,-0.03468292855825483,2.6799656052601764
4.499699699699699,1.328056560987122,-0.028771610036901096,2.6848847320111453
4.508108108108107,1.333588072377697,-0.022745379794365972,2.68992152454976
4.516516516516516,1.3392399332814429,-0.01660038114551865,2.6950802477084044
4.524924924924925,1.3450162044571157,-0.01033274847497112,2.7003651573892027
4.533333333333332,1.350920946663473,-0.003938607097206948,2.705780500424153
4.541741741741741,1.3569582206592732,0.0025859268649723877,2.711330514453574
4.55015015015015,1.3631320872032733,0.009244746583600305,2.7170194278229465
4.558558558558558,1.3694466070542304,0.016041754610200742,2.7228514594982602
4.566966966966966,1.375905840970901,0.022980862941855973,2.7288308189999464
4.5753753753753745,1.3825138497120435,0.030065993068609354,2.7349617063554774
4.583783783783783,1.3892746940364147,0.037301076002093536,2.741248312070736
4.592192192192192,1.3961924347027725,0.044690052285331516,2.7476948171202134
4.6006006006006,1.4032711324698732,0.05223687198361082,2.7543053929561356
4.609009009009008,1.4105148480964742,0.059945494656361564,2.761084201536587
4.617417417417417,1.4179276423413336,0.06781988930997662,2.7680353953726904
4.625825825825825,1.425513575963209,0.07586403433147537,2.7751631175949427
4.634234234234234,1.4332767097208567,0.08408191740298432,2.782471502038729
4.642642642642642,1.4412211043730327,0.09247753539694337,2.789964673349122
4.65105105105105,1.4493508206784973,0.10105489423332603,2.7976467471236686
4.659459459459459,1.4576699193960065,0.10981799511585244,2.8055218436761606
4.667867867867868,1.466182461284318,0.11877080969537168,2.813594112873264
4.676276276276275,1.4748925071021872,0.12791731036375498,2.8218677038406197
4.684684684684684,1.4838041176083736,0.1372614766350404,2.830346758581707
4.6930930930930925,1.4929213535616335,0.14680729515855728,2.8390354119647094
4.701501501501501,1.5022482757207245,0.15655875972064526,2.8479377917208035
4.709909909909909,1.5117889448444035,0.1665198712349072,2.8570580184539
4.7183183183183175,1.5215474216914282,0.17669463772098593,2.8664002056618703
4.726726726726726,1.5315277670205565,0.1870870742717936,2.8759684597693194
4.735135135135135,1.541734041590545,0.19770120300918936,2.8857668801719005
4.7435435435435425,1.5521703061601493,0.20854105302807047,2.895799559292228
4.751951951951951,1.5628406214881307,0.21961066032883836,2.9060705826474234
4.76036036036036,1.5737490483332426,0.23091406773820955,2.9165840289282756
4.768768768768768,1.5848996474542458,0.2424553248183836,2.9273439700901083
4.777177177177177,1.596296479609894,0.2542384877644839,2.938354471455304
4.785585585585585,1.607943605558946,0.26626761929032594,2.949619591827566
4.793993993993993,1.6198450860601603,0.2785467885024344,2.961143383617886
4.802402402402402,1.6320049818722933,0.2910800707623207,2.9729298929822656
4.81081081081081,1.6444273537541008,0.3038715475370184,2.984983159971183
4.819219219219218,1.6571162624643427,0.31692530623784765,2.997307218690838
4.827627627627627,1.6700757687617753,0.33024544004739664,3.0099060974761542
4.8360360360360355,1.6833099334051564,0.34383604773473575,3.022783819075577
4.844444444444443,1.6968228171532402,0.3577012334588363,3.035944400847644
4.852852852852852,1.7106184807647886,0.3718451065602093,3.049391854969368
4.8612612612612605,1.7247009849985566,0.38627178134073414,3.063130188656379
4.869669669669669,1.7390743906133008,0.40098537683171176,3.0771634043948897
4.878078078078077,1.7537427583677792,0.41599001655011425,3.0914955001854443
4.886486486486485,1.7687101490207497,0.4312898282430433,3.1061304697984564
4.894894894894894,1.7839806233309699,0.4468889436204009,3.121072303041539
4.903303303303303,1.7995582420571952,0.4627914980757659,3.136324986038624
4.91171171171171,1.8154470659581836,0.47900163039549604,3.151892501520871
4.920120120120119,1.8316511557926936,0.4955234824560417,3.1677788291293454
4.928528528528528,1.848174572319482,0.5123611989094794,3.1839879457294846
4.936936936936936,1.8650213762973065,0.5295189268572851,3.200523825737328
4.945345345345345,1.8821956284849228,0.5470008155123247,3.217390441457521
4.953753753753753,1.8997013896410881,0.5648110158490909,3.2345917634330856
4.962162162162161,1.9175427205245628,0.5829536802421749,3.2521317608069507
4.97057057057057,1.9357236818941015,0.6014329620929739,3.270014401695229
4.9789789789789785,1.9542483345084625,0.6202530154446548,3.28824365357227
4.987387387387386,1.9731207391264005,0.6394179945853522,3.306823483667449
4.995795795795795,1.992344956506677,0.6589320536396328,3.3257578593737214
5.004204204204203,2.0119246893725222,0.6787989881126575,3.345050390632387
5.012612612612612,2.031855405630069,0.6990143576765595,3.364696453583578
5.02102102102102,2.052124338368355,0.7195654857266494,3.384683191010061
5.029429429429428,2.072718362640896,0.740439335707413,3.404997389574379
5.037837837837837,2.0936243535012027,0.7616228686807196,3.425625838321686
5.046246246246246,2.114829186002787,0.7831030428467298,3.4465553291588438
5.054654654654653,2.1363197351991583,0.8048668130530441,3.4677726573452725
5.063063063063062,2.1580828761438338,0.826901130292067,3.4892646219956003
5.071471471471471,2.180105483890323,0.8491929411865828,3.5110180265940634
5.079879879879879,2.2023744334921393,0.8717291874635504,3.533019679520728
5.088288288288287,2.224876600002792,0.8944968054160811,3.555256394589503
5.096696696696696,2.2475988584757967,0.9174827253536286,3.577714991597965
5.105105105105104,2.2705280839646647,0.9406738669687253,3.6003823009606037
5.113513513513513,2.293651151522908,0.9640570839405749,3.6232452191052413
5.121921921921921,2.3169549362040387,0.9876191792644067,3.646290693143671
5.130330330330329,2.340426313061567,1.0113469494041343,3.669505676718999
5.138738738738738,2.36405215714901,1.0352271855857396,3.69287712871228
5.147147147147146,2.387819343519876,1.0592466739746689,3.716392013065083
5.155555555555555,2.4117147472276783,1.0833921958444794,3.7400372986108774
5.163963963963963,2.4357252433259267,1.1076505277366846,3.7637999589151687
5.172372372372371,2.4598377068681385,1.1320084416118208,3.7876669721244562
5.18078078078078,2.484039012907823,1.1564527049917104,3.8116253208239357
5.189189189189189,2.508316036498493,1.1809700810929422,3.8356619919040433
5.197597597597596,2.532655652693657,1.2055473289515342,3.85976397643578
5.206006006006005,2.5570447365468345,1.2301711981181653,3.8839182749755037
5.214414414414414,2.5814701631115327,1.2548283817608956,3.9081119444621697
5.222822822822822,2.6059188074412645,1.2795055424264148,3.932332072456114
5.23123123123123,2.6303775445895408,1.3041893432270868,3.9565657459519947
5.2396396396396385,2.6548332496098777,1.3288664488562743,3.980800050363481
5.248048048048047,2.6792727975557855,1.3535235262230931,4.0050220688884774
5.256456456456456,2.7036830634807756,1.3781472450570564,4.0292188819044945
5.2648648648648635,2.7280509224383587,1.4027242784825045,4.053377566394213
5.273273273273272,2.752363249482052,1.427241303562736,4.077485195401367
5.281681681681681,2.776606919665363,1.4516850018137422,4.101528837516984
5.290090090090089,2.800768808041807,1.4760420596874821,4.125495556396132
5.298498498498498,2.824835789664895,1.5002991690245682,4.149372410305222
5.306906906906906,2.848794739588136,1.5244430274762975,4.173146451699974
5.315315315315314,2.872632532865048,1.5484603388959401,4.196804726834156
5.323723723723723,2.8963360445491406,1.572337813699151,4.22033427539913
5.3321321321321316,2.9198921496939256,1.596062169193478,4.2437221301943735
5.340540540540539,2.943287723352914,1.6196201298768331,4.266955316828995
5.348948948948948,2.966509640579621,1.6429984277048666,4.290020853454376
5.3573573573573565,2.989544776427558,1.6661838023271396,4.312905750527976
5.365765765765765,3.012380005950236,1.6891630012920422,4.33559701060843
5.374174174174173,3.035002204201166,1.711922780220371,4.358081628181962
5.3825825825825815,3.057398246233865,1.7344499029475053,4.380346589520224
5.39099099099099,3.079555007101841,1.7567311416340883,4.402378872569594
5.399399399399399,3.101459361858608,1.7787532768452128,4.424165446872004
5.4078078078078065,3.123098185557675,1.800503097597993,4.4456932735173575
5.416216216216215,3.1444583532525594,1.8219674013775329,4.466949305127586
5.424624624624624,3.1655267399967713,1.8431329941212,4.487920485872342
5.433033033033032,3.186290220843822,1.8639866901712085,4.508593751516435
5.44144144144144,3.2067356708472228,1.8845153121954712,4.528956029498975
5.449849849849849,3.2268499650604885,1.9047056910766966,4.54899423904428
5.458258258258257,3.2466199785371304,1.9245446603797238,4.568695296694537
5.466666666666666,3.266032586330661,1.9440190392393208,4.588046133422001
5.4750750750750745,3.285074663494592,1.9631156497723805,4.607033677216803
5.483483483483482,3.303733085082434,1.9818213231941737,4.625644846970694
5.491891891891891,3.321994726147701,2.0001228998034883,4.6438665524919145
5.5003003003002995,3.339846461952819,2.018007229144942,4.661685694760696
5.508708708708708,3.3572802620961495,2.035466264057706,4.679094260134593
5.517117117117116,3.374306405910916,2.0525102759644245,4.696102535857407
5.5255255255255245,3.390939284758819,2.0691536570231177,4.7127249124945205
5.533933933933933,3.4071932900015525,2.085410807925294,4.728975772077811
5.542342342342342,3.423082813000812,2.1012961376908756,4.744869488310748
5.550750750750749,3.4386222451182955,2.1168240634314683,4.760420426805123
5.559159159159158,3.4538259777156988,2.1320090100819984,4.775642945349399
5.567567567567567,3.4687084021547183,2.14686541010078,4.790551394208657
5.575975975975975,3.483283909797052,2.1614077031380337,4.80516011645607
5.584384384384383,3.497566892004392,2.175650335672914,4.81948344833587
5.592792792792792,3.5115717401384394,2.1896077606191127,4.833535719657766
5.6012012012012,3.5253128455608884,2.203294436884276,4.847331254237501
5.609609609609609,3.538804599633436,2.2167248213557285,4.860884377911144
5.618018018018017,3.5520613937177763,2.229913355787122,4.874209431648431
5.626426426426425,3.565097619175609,2.2428744826966636,4.887320755654555
5.634834834834834,3.57792766736863,2.255622648379072,4.900232686358188
5.6432432432432424,3.5905659296585344,2.2681723027315748,4.912959556585494
5.651651651651651,3.603026797407018,2.280537899059005,4.925515695755031
5.660060060060059,3.615324661975778,2.2927338938580206,4.937915430093535
5.668468468468467,3.627473914726513,2.3047747465804944,4.950173082872531
5.676876876876876,3.639488947020916,2.316674919376103,4.962302974665729
5.685285285285285,3.651384150220686,2.328448876814188,4.9743194236271835
5.693693693693692,3.6631739156875156,2.3401110855848897,4.9862367457901415
5.702102102102101,3.674872634783106,2.3516760140857613,4.998069255480451
5.71051051051051,3.6864946988691507,2.3631581207160997,5.009831277022202
5.718918918918918,3.698054499307348,2.3745718422456306,5.021537156369066
5.727327327327326,3.7095664274593907,2.3859316128931045,5.033201242025677
5.735735735735735,3.721044874686979,2.3972518669148366,5.044837882459121
5.744144144144143,3.732504232351808,2.4085470386675176,5.0564614260360985
5.752552552552552,3.743958891815573,2.4198315626557827,5.068086220975363
5.7609609609609596,3.7554232444399718,2.4311198735645605,5.0797266153153835
5.769369369369368,3.7669116815867003,2.4424264062761765,5.091396956897224
5.777777777777777,3.778438594617456,2.4537655958722504,5.103111593362662
5.786186186186185,3.7900183748939336,2.4651518776203885,5.114884872167479
5.794594594594593,3.8016646300462638,2.4765989032141387,5.126730356878388
5.803003003003002,3.813382239478446,2.4881115959056657,5.1386528830512255
5.81141141141141,3.825170628010173,2.4996894075623235,5.150651848458023
5.819819819819819,3.837029137163241,2.5113316817454563,5.162726592581025
5.828228228228228,3.848957108459441,2.5230377593924005,5.174876457526482
5.836636636636635,3.860953883420566,2.5348069810907012,5.187100785750431
5.845045045045044,3.8730188035684123,2.546638687430291,5.199398919706534
5.853453453453453,3.8851512104247714,2.5585322193386753,5.211770201510868
5.861861861861861,3.8973504455114374,2.5704869183991654,5.224213972623709
5.870270270270269,3.909615850350202,2.582502127152095,5.236729573548309
5.8786786786786775,3.9219467664628613,2.59457718937906,5.2493163435466625
5.887087087087086,3.934342535371206,2.606711450370142,5.26197362037227
5.895495495495495,3.946802498597032,2.6189042571741528,5.274700740019911
5.9039039039039025,3.9593259976621296,2.631154958831851,5.287497036492408
5.912312312312311,3.971912374088297,2.6434629065921964,5.300361841584397
5.92072072072072,3.9845609693973234,2.655827454111575,5.313294484683071
5.929129129129128,3.9972711251110047,2.668247957636071,5.3262942925859385
5.937537537537536,4.01004218275113,2.6807237761667415,5.339360589335518
5.945945945945945,4.0228734838395,2.693254271607951,5.352492696071049
5.954354354354353,4.035764369897903,2.705838808898725,5.365689930897081
5.962762762762762,4.048714182448132,2.7184767561271967,5.378951608769066
5.97117117117117,4.0617222630119825,2.7311674846281386,5.392277041395826
5.979579579579578,4.074787953111248,2.7439103690635833,5.405665537158914
5.987987987987987,4.087910594267722,2.7567047874865853,5.419116401048859
5.9963963963963955,4.101089528003196,2.7695501213881406,5.432628934618251
6.004804804804804,4.114324095839465,2.782445753658818,5.446202438020112
6.013213213213212,4.127613639298321,2.7953910355729317,5.459836243023711
6.0216216216216205,4.140957499901559,2.808385291486168,5.473529708316949
6.030030030030029,4.154355019170973,2.8214278466344718,5.487282191707474
6.038438438438438,4.167805538628355,2.834518028379187,5.5010930488775225
6.0468468468468455,4.181308399795496,2.847655166572043,5.514961633018949
6.055255255255254,4.194862944194195,2.860838593904888,5.528887294483503
6.063663663663663,4.208468513346242,2.8740676462441517,5.542869380448332
6.072072072072071,4.222124448773433,2.887341662950087,5.556907234596778
6.080480480480479,4.235830091997556,2.900659987180729,5.571000196814383
6.088888888888888,4.249584784540408,2.914021966180643,5.585147602900173
6.097297297297296,4.263387867923783,2.9274269515544082,5.599348784293158
6.105705705705705,4.277238683669474,2.94087429952487,5.613603067814077
6.114114114114113,4.291136573299273,2.9543633711761927,5.627909775422353
6.122522522522521,4.305080878334975,2.967893532681683,5.642268223988267
6.13093093093093,4.319070940298374,2.981464155516436,5.656677725080312
6.1393393393393385,4.333106100711262,2.995074616654792,5.671137584767733
6.147747747747746,4.347185701095431,3.0087242987526643,5.685647103438198
6.156156156156155,4.361309082972677,3.022412590314715,5.700205575630639
6.1645645645645635,4.375475587864792,3.0361388858464347,5.71481228988315
6.172972972972972,4.389684557293571,3.049902585991153,5.72946652859599
6.181381381381381,4.403935332780806,3.0637030976519926,5.74416756790962
6.1897897897897884,4.418227255848292,3.0775398340988307,5.758914677597753
6.198198198198197,4.432559668017819,3.0914122150602728,5.773707120975366
6.206606606606606,4.446931910811185,3.105319666800715,5.788544154821655
6.215015015015014,4.46134332575018,3.11926162218249,5.80342502931787
6.223423423423422,4.475793254356598,3.1332375207131955,5.818348988000001
6.231831831831831,4.490281038152231,3.1472468085782133,5.833315267726249
6.240240240240239,4.504806018658879,3.1612889386584992,5.848323098659259
6.248648648648648,4.519367537398329,3.1753633705336473,5.863371704263011
6.257057057057056,4.5339649358923735,3.189469570470365,5.878460301314382
6.265465465465464,4.54859755566281,3.2036070113963455,5.893588099929275
6.273873873873873,4.563264738231432,3.2177751728596204,5.908754303603243
6.2822822822822815,4.57796582512003,3.2319735409734696,5.92395810926659
6.290690690690689,4.592700157850399,3.2462016083469374,5.939198707353861
6.299099099099098,4.607467077944332,3.260458874001018,5.954475281887645
6.307507507507506,4.622265926923623,3.274744843270603,5.969787010576643
6.315915915915915,4.637096046310066,3.2890590276922103,5.985133064927921
6.324324324324323,4.6519567776254505,3.303400944877624,6.000512610373277
6.332732732732731,4.666847462391576,3.317770118373476,6.015924806409677
6.34114114114114,4.681767442130231,3.332166077506838,6.031368806753624
6.349549549549549,4.696716058363212,3.346588357216942,6.046843759509483
6.357957957957956,4.711692652612308,3.3610364978730285,6.062348807351588
6.366366366366365,4.72669656639932,3.3755100450784767,6.0778830877201635
6.374774774774774,4.741727141246036,3.3900085494612053,6.093445733030867
6.383183183183182,4.756783718674249,3.404531566450487,6.109035870898012
6.391591591591591,4.771865640205756,3.419078656040205,6.124652624371307
6.399999999999999,4.786972247362346,3.4336493825386256,6.140295112186067
6.408408408408407,4.802102881665816,3.4482433143047704,6.155962449026861
6.416816816816816,4.817256884637956,3.46286002347144,6.1716537458044725
6.425225225225224,4.832433597800564,3.4774990856549524,6.187368109946175
6.433633633633632,4.847632362675428,3.4921600796516667,6.20310464569919
6.442042042042041,4.862852520784349,3.506842587121354,6.218862454447344
6.450450450450449,4.878093413649112,3.521546192257432,6.234640635040792
6.458858858858858,4.893354382791515,3.536270481444207,6.2504382841388235
6.467267267267266,4.90863476973335,3.5510150429010476,6.266254496565653
6.475675675675674,4.923933915996412,3.565779466313657,6.282088365679167
6.484084084084083,4.939251163102494,3.5805633424523937,6.297938983752594
6.492492492492492,4.954585852573389,3.595366262777742,6.313805442369035
6.500900900900899,4.969937325930886,3.6101878190329213,6.32968683282885
6.509309309309308,4.985304924696787,3.625027602823714,6.34558224656986
6.517717717717717,5.000687990392882,3.6398852051854558,6.361490775600307
6.526126126126125,5.01608586454096,3.6547602161372943,6.377411512944626
6.534534534534533,5.031497888662819,3.669652224223692,6.393343553101945
6.5429429429429415,5.046923404280252,3.6845608160431658,6.409285992517339
6.55135135135135,5.062361752915052,3.699485575764287,6.425237930065817
6.559759759759759,5.077812276089013,3.7144260846289487,6.441198467549077
6.568168168168167,5.093274315323927,3.729381920442872,6.457166710204982
6.576576576576575,5.1087472121415844,3.7443526570533505,6.473141767229818
6.584984984984984,5.124230308063787,3.7593378638142187,6.489122752313355
6.593393393393392,5.139722944612322,3.774337105037981,6.505108784186662
6.601801801801801,5.1552244633089845,3.7893499390084853,6.521098987609484
6.610210210210209,5.170734205675565,3.80437584177053,6.5370925695806
6.618618618618617,5.186251513233864,3.8194141189571162,6.553088907510611
6.627027027027026,5.201775727505668,3.8344640471330838,6.569087407878252
6.635435435435435,5.217306190012773,3.8495248953011276,6.5850874847244185
6.643843843843842,5.232842242276972,3.864595925407975,6.601088559145968
6.652252252252251,5.24838322582006,3.8796763928394125,6.6170900588007076
6.6606606606606595,5.26392848216383,3.894765546904172,6.633091417423487
6.669069069069068,5.279477352830072,3.9098626313067966,6.649092074353347
6.677477477477476,5.295029179340582,3.924966884609546,6.665091474071618
6.6858858858858845,5.310583303217156,3.940077540683389,6.681089065750923
6.694294294294293,5.326139065981584,3.9551938291481745,6.697084302814994
6.702702702702702,5.3416958091556594,3.970314975802041,6.713076642509278
6.7111111111111095,5.357252874261175,3.985440203040132,6.729065545482219
6.719519519519518,5.372809602819929,4.000568730262659,6.7450504753772
6.727927927927927,5.388365336353711,4.015699774272374,6.761030898435049
6.736336336336335,5.403919416384315,4.030832549661539,6.777006283107091
6.744744744744744,5.419471184433534,4.045966269188394,6.792976099678674
6.753153153153152,5.435019982023159,4.061100144143203,6.808939819903116
6.76156156156156,5.450565150674991,4.076233384703931,6.8248969166460505
6.769969969969969,5.466106031910816,4.091365200281551,6.840846863540081
6.7783783783783775,5.48164196725243,4.1064947998550885,6.856789134649771
6.786786786786785,5.497172298221626,4.12162139229639,6.872723204146862
6.795195195195194,5.512696366340199,4.136744186684671,6.888648545995728
6.8036036036036025,5.528213513129941,4.151862392610867,6.904564633649016
6.812012012012011,5.543723080112646,4.166975220471845,6.920470939753447
6.820420420420419,5.559224408810105,4.182081881754471,6.936366935865739
6.8288288288288275,5.5747168407441166,4.1971815893095945,6.952252092178639
6.837237237237236,5.590199717436471,4.2122735576159265,6.968125877257016
6.845645645645645,5.605672380408962,4.227357003033896,6.983987757784028
6.854054054054052,5.62113417118338,4.242431144049461,6.999837198317299
6.862462462462461,5.6365844312815225,4.257495201507922,7.015673661055123
6.87087087087087,5.652022502225183,4.272548398837717,7.031496605612649
6.879279279279278,5.667447725536152,4.287589962264269,7.0473054888080355
6.887687687687686,5.682859442736224,4.302619121013857,7.063099764458592
6.896096096096095,5.698256995347195,4.3176351075075665,7.078878883186823
6.904504504504503,5.7136397248908555,4.3326371575452765,7.0946422922364345
6.912912912912912,5.729006972889,4.3476245104797515,7.110389435298248
6.9213213213213205,5.744358080863423,4.362596409380836,7.12611975234601
6.929729729729728,5.759692390335911,4.377552101189726,7.141832679482097
6.938138138138137,5.775009242828268,4.39249083686341,7.157527648793127
6.9465465465465455,5.790307979862282,4.407411871509177,7.173204088215388
6.954954954954954,5.805587942959748,4.422314464509311,7.188861421410184
6.963363363363362,5.820848473642453,4.437197879635924,7.204499067648982
6.97177177177177,5.8360889134322,4.452061385155954,7.220116441708447
6.980180180180179,5.851308603850777,4.466904253926311,7.235712953775243
6.988588588588588,5.866506886419979,4.481725763479247,7.251288009360712
6.996996996996995,5.881683102661597,4.496525196097878,7.266841009225317
7.005405405405404,5.896836594097429,4.511301838881949,7.28237134931291
7.013813813813813,5.911966702249265,4.526054983803781,7.297878420694748
7.022222222222221,5.927072768638898,4.540783927754465,7.313361609523332
7.030630630630629,5.9421541347881215,4.555487972580295,7.328820296995948
7.039039039039038,5.957210142218734,4.570166425109461,7.344253859328006
7.047447447447446,5.972240138234968,4.584818602951424,7.359661673518511
7.055855855855855,5.987243764305664,4.599444122886325,7.375043405725004
7.064264264264263,6.002221089846924,4.614043034645162,7.390399145048686
7.072672672672671,6.017172217998085,4.628615426673612,7.405729009322558
7.08108108108108,6.032097251898473,4.643161392386946,7.42103311141
7.089489489489488,6.046996294687421,4.65768103013856,7.436311559236282
7.097897897897897,6.061869449504261,4.672174443178834,7.451564455829688
7.106306306306305,6.076716819488321,4.686641739604393,7.466791899372249
7.114714714714713,6.091538507778934,4.701083032297751,7.481993983260118
7.123123123123122,6.106334617515435,4.715498438857386,7.497170796173483
7.131531531531531,6.1211052518371485,4.729888081518226,7.512322422156071
7.139939939939938,6.135850513883407,4.744252087062629,7.527448940704186
7.148348348348347,6.150570506793545,4.758590586721816,7.542550426865274
7.156756756756756,6.165265333706889,4.772903716067811,7.557626951345966
7.165165165165164,6.179935097762776,4.7871916148958995,7.572678580629653
7.173573573573572,6.194579902100532,4.801454427097632,7.587705377103433
7.181981981981981,6.209199849859491,4.815692300524399,7.602707399194584
7.190390390390389,6.223795044178984,4.829905386841583,7.617684701516385
7.198798798798798,6.23836558819834,4.844093841373327,7.632637335023352
7.2072072072072055,6.25291158505689,4.858257822937945,7.647565347175835
7.215615615615614,6.267433137893968,4.87239749367397,7.662468782113966
7.224024024024023,6.281930349848903,4.8865130188568955,7.67734768084091
7.232432432432431,6.296403324061028,4.900604566706617,7.69220208141544
7.240840840840839,6.3108521636696695,4.914672308185578,7.707032019153761
7.249249249249248,6.325276971814166,4.928716416787703,7.721837526840629
7.257657657657656,6.339677851633843,4.942737068318033,7.736618634949652
7.266066066066065,6.354054906268033,4.956734440663217,7.751375371872848
7.274474474474474,6.368408238856066,4.970708713552753,7.766107764159379
7.282882882882881,6.382737952537274,4.9846600683110935,7.780815836763454
7.29129129129129,6.3970441504509905,4.998588687600575,7.795499613301406
7.299699699699699,6.411326935736544,5.012494755155212,7.810159116317876
7.308108108108107,6.425586411533266,5.026378455505375,7.824794367561157
7.316516516516515,6.4398226809804875,5.040239973693367,7.839405388267608
7.3249249249249235,6.45403584721754,5.054079494979897,7.853992199455183
7.333333333333332,6.468226013383754,5.0678972045414845,7.868554822226024
7.341741741741741,6.482393282618464,5.081693287158798,7.88309327807813
7.3501501501501485,6.4965377580609935,5.095467926895935,7.897607589226052
7.358558558558557,6.510659542850681,5.109221306770673,7.91209777893069
7.366966966966966,6.524758740126856,5.122953608415656,7.926563871838056
7.375375375375374,6.538835453028848,5.136665011730589,7.941005894327107
7.383783783783782,6.552889784695987,5.150355694525369,7.955423874866605
7.392192192192191,6.566921838267606,5.1640258321542465,7.969817844380966
7.400600600600599,6.580931716883038,5.177675597140926,7.98418783662515
7.409009009009008,6.59491952368161,5.191305158794677,7.998533888568543
7.417417417417416,6.608885361802655,5.204914682817439,8.012856040787872
7.425825825825824,6.622829334385505,5.218504330901903,8.027154337869108
7.434234234234233,6.636751544569492,5.232074260320574,8.04142882881841
7.4426426426426415,6.650652095493944,5.245624623505839,8.055679567482048
7.45105105105105,6.664531090298193,5.259155567620998,8.069906612975387
7.459459459459458,6.678388632121571,5.272667234122285,8.084110030120856
7.4678678678678665,6.692224824103408,5.286159758311856,8.09828988989496
7.476276276276275,6.706039769383038,5.299633268881747,8.112446269884328
7.484684684684684,6.71983357109979,5.3130878874488054,8.126579254750775
7.4930930930930915,6.733606332392993,5.32652372808057,8.140688936705416
7.5015015015015,6.747358156401981,5.339940896812121,8.154775415991843
7.509909909909909,6.761089146266085,5.353339491153874,8.168838801378294
7.518318318318317,6.774799405124635,5.366719599590336,8.182879210658934
7.526726726726725,6.788489036116962,5.380081301069799,8.196896771164125
7.535135135135134,6.8021581423824,5.393424664485002,8.210891620279797
7.543543543543542,6.815806827060275,5.406749748144741,8.224863905975809
7.551951951951951,6.829435193289923,5.420056599236445,8.2388137873434
7.560360360360359,6.84304334421067,5.433345253279714,8.252741435141626
7.568768768768767,6.8566313829618535,5.446615733570869,8.266647032352838
7.577177177177176,6.870199412682801,5.459868050618475,8.280530774747128
7.5855855855855845,6.883747536512843,5.473102201569892,8.294392871455793
7.593993993993992,6.89727585759131,5.486318169628917,8.308233545553701
7.602402402402401,6.910784479057535,5.4995159225159576,8.322053035599112
7.6108108108108095,6.92427350405085,5.51269533154602,8.33585167655568
7.619219219219218,6.937743035710587,5.5258561169704885,8.349629954450684
7.627627627627627,6.951193177176071,5.538997984890508,8.363388369461633
7.636036036036034,6.964624031586638,5.552120643495238,8.377127419678038
7.644444444444443,6.978035702081619,5.565223804210567,8.390847599952671
7.652852852852852,6.991428291800345,5.578307182802141,8.404549400798548
7.66126126126126,7.004801903882145,5.5913705004327285,8.41823330733156
7.669669669669668,7.0181566414663505,5.604413484673941,8.43189979825876
7.678078078078077,7.031492607692295,5.617435870472292,8.445549344912298
7.686486486486485,7.044809905699308,5.63043740106961,8.459182410329007
7.694894894894894,7.058108638626722,5.643417828877763,8.472799448375682
7.703303303303302,7.071388909613864,5.656376916307657,8.48640090292007
7.71171171171171,7.084650821800071,5.669314436552513,8.49998720704763
7.720120120120119,7.09789447832467,5.682230174325282,8.513558782324058
7.7285285285285275,7.1111199823269935,5.6951239265502736,8.527116038103713
7.736936936936935,7.124327436946372,5.707995503008824,8.540659370883919
7.745345345345344,7.137516945322137,5.720844726939031,8.554189163705242
7.753753753753752,7.15068861059362,5.733671435589454,8.567705785597786
7.762162162162161,7.163842535900152,5.746475480726748,8.581209591073554
7.770570570570569,7.176978824381063,5.759256729097186,8.59470091966494
7.778978978978977,7.190097579175683,5.772015062841987,8.608180095509379
7.787387387387386,7.203198903423349,5.7847503798664786,8.62164742698022
7.795795795795795,7.216282900263387,5.797462594162967,8.635103206363807
7.804204204204203,7.229349672835129,5.8101516360873955,8.648547709582862
7.812612612612611,7.242399324277906,5.822817452589685,8.661981195966126
7.82102102102102,7.255431957731048,5.835460007397815,8.67540390806428
7.829429429429428,7.268447676333891,5.848079281155611,8.688816071512171
7.837837837837837,7.281446583225762,5.860675271514273,8.70221789493725
7.846246246246245,7.2944287815459905,5.8732479931776735,8.715609569914307
7.854654654654653,7.307394374433911,5.8857974779014794,8.728991270966343
7.863063063063062,7.320343465028855,5.898323774446104,8.742363155611606
7.87147147147147,7.333276156470152,5.910826948483625,8.75572536445668
7.879879879879878,7.346192551897131,5.923307082458688,8.769078021335574
7.888288288288287,7.359092754449126,5.9357642754035504,8.782421233494702
7.896696696696695,7.371976867265468,5.948198642707298,8.79575509182364
7.905105105105104,7.384844993485489,5.9606103158394195,8.809079671131558
7.913513513513512,7.397697236248516,5.972999442027836,8.822395030469195
7.92192192192192,7.410533698693887,5.9853661838915615,8.835701213496211
7.930330330330329,7.423354483960927,5.99771071902807,8.8489982488937855
7.938738738738738,7.436159695188968,6.010033239555649,8.862286150822287
7.947147147147145,7.448949435517342,6.022333951610838,8.875564919423846
7.955555555555554,7.461723808085379,6.034613074801132,8.888834541369627
7.9639639639639626,7.474482916032416,6.046870841613181,8.902094990451651
7.972372372372371,7.487226862497778,6.059107496776666,8.915346228218889
7.98078078078078,7.499955750620796,6.071323296584051,8.92858820465754
7.9891891891891875,7.512669683540802,6.083518508166431,8.941820858915172
7.997597597597596,7.52536876439713,6.095693408725688,8.955044120068571
8.006006006006006,7.53805309632911,6.107848284723145,8.968257907935074
8.014414414414414,7.55072278247607,6.119983431024984,8.981462133927156
8.022822822822821,7.563377925977341,6.1320991500046045,8.994656701950078
8.03123123123123,7.576018629972259,6.144195750602171,9.007841509342347
8.039639639639638,7.588644997600154,6.156273547341514,9.021016447858793
8.048048048048047,7.601257132000352,6.168332859304655,9.03418140469605
8.056456456456456,7.613855136312189,6.1803739910600815,9.047336281564297
8.064864864864864,7.626439113674998,6.192397098127737,9.060481129222259
8.073273273273273,7.639009167228105,6.2044022517123425,9.073616082743868
8.081681681681681,7.65156540011084,6.2163895083553635,9.086741291866316
8.090090090090088,7.664107915462537,6.228358910791952,9.099856920133123
8.098498498498497,7.67663681642253,6.240310488316326,9.112963144528734
8.106906906906906,7.689152206130148,6.25224425714438,9.126060155115916
8.115315315315314,7.701654187724719,6.264160220773546,9.139148154675892
8.123723723723723,7.714142864345578,6.276058370339888,9.152227358351269
8.132132132132131,7.726618339132054,6.287938684972447,9.165297993291661
8.14054054054054,7.739080715223482,6.299801132144887,9.178360298302076
8.148948948948949,7.751530095759186,6.311645668024409,9.191414523493965
8.157357357357357,7.763966583878501,6.323472237818014,9.204460929938987
8.165765765765764,7.776390282720756,6.335280776116108,9.217499789325405
8.174174174174173,7.788801295425288,6.347071207233446,9.23053138361713
8.182582582582581,7.801199725131424,6.358843445547485,9.243556004715362
8.19099099099099,7.813585674978496,6.370597395834176,9.256573954122816
8.199399399399399,7.825959248105834,6.382332953601152,9.269585542610516
8.207807807807807,7.838320547652769,6.394050005418432,9.282591089887106
8.216216216216216,7.850669676758633,6.405748429246584,9.295590924270682
8.224624624624624,7.863006738562758,6.417428094762432,9.308585382363084
8.233033033033031,7.87533183620447,6.429088863682264,9.321574808726677
8.24144144144144,7.887645072823106,6.440730590082669,9.334559555563542
8.249849849849848,7.899946551557997,6.452353120718899,9.347539982397095
8.258258258258257,7.912236375548472,6.463956295340853,9.360516455756091
8.266666666666666,7.924514647933863,6.475539947006716,9.37348934886101
8.275075075075074,7.9367814718535,6.487103902394198,9.386459041312802
8.283483483483483,7.949036950446714,6.49864798210945,9.399425918783978
8.291891891891892,7.961281186852837,6.5101720009936646,9.412390372712009
8.300300300300298,7.9735142842111975,6.521675768427313,9.425352799995082
8.308708708708707,7.985736345661132,6.5331590886321225,9.43831360269014
8.317117117117116,7.997947474341968,6.544621760970712,9.451273187713225
8.325525525525524,8.010147773393037,6.556063580243939,9.464231966542135
8.333933933933933,8.022337345953671,6.567484336985963,9.47719035492138
8.342342342342342,8.0345162951632,6.578883817756983,9.490148772569418
8.35075075075075,8.046684724160958,6.590261805433695,9.50310764288822
8.359159159159159,8.058842736086271,6.601618079497422,9.51606739267512
8.367567567567567,8.070990434078471,6.612952416319933,9.529028451837009
8.375975975975974,8.08312792127689,6.624264589446942,9.54199125310684
8.384384384384383,8.095255300820867,6.635554369879247,9.554956231762485
8.392792792792791,8.10737267584972,6.646821526351493,9.567923825347949
8.4012012012012,8.119480149502788,6.658065825608601,9.580894473396976
8.409609609609609,8.131577824919404,6.669287032679749,9.593868617159059
8.418018018018017,8.143665805238891,6.68048491114992,9.606846699327862
8.426426426426426,8.155744193600583,6.691659223429025,9.61982916377214
8.434834834834835,8.167813093143819,6.7028097310185295,9.632816455269108
8.443243243243241,8.179872607007919,6.713936194775494,9.645809019240344
8.45165165165165,8.19192283833222,6.7250383751741545,9.658807301490285
8.460060060060059,8.203963890256052,6.7361160325648335,9.67181174794727
8.468468468468467,8.215995865918746,6.747168927430222,9.68482280440727
8.476876876876876,8.228018868459635,6.758196820639009,9.697840916280262
8.485285285285284,8.240033001018045,6.769199473696726,9.710866528339364
8.493693693693693,8.252038366733313,6.780176648993886,9.723900084472739
8.502102102102102,8.264035068744768,6.791128110051229,9.736942027438307
8.510510510510509,8.276023210191738,6.802053621762108,9.749992798621367
8.518918918918917,8.288002894213559,6.812952950631968,9.763052837795149
8.527327327327326,8.299974223949558,6.823825865014788,9.776122582884328
8.535735735735734,8.31193730253907,6.834672135346514,9.789202469731626
8.544144144144143,8.323892233121423,6.8454915343753475,9.802292931867498
8.552552552552552,8.33583911883595,6.8562838373889115,9.81539440028299
8.56096096096096,8.347778062821982,6.867048822438129,9.828507303205836
8.569369369369369,8.35970916821885,6.877786270557863,9.841632065879836
8.577777777777778,8.371632538165883,6.888495965984152,9.854769110347615
8.586186186186184,8.383548275802411,6.899177696368062,9.867918855236761
8.594594594594593,8.395456484267772,6.909831252986027,9.881081715549517
8.603003003003002,8.407357266701293,6.920456430946634,9.894258102455954
8.61141141141141,8.419250726242302,6.931053029393787,9.907448423090816
8.619819819819819,8.431136966030135,6.941620851706221,9.920653080354048
8.628228228228227,8.4430160892041215,6.95215970569319,9.933872472715052
8.636636636636636,8.454888198903593,6.962669403786398,9.947106994020787
8.645045045045045,8.46675339826788,6.973149763228015,9.960357033307744
8.653453453453452,8.47861179043631,6.98360060625474,9.973622974617879
8.66186186186186,8.490463478548222,6.994021760277853,9.98690519681859
8.670270270270269,8.50230856574294,7.004413058059178,10.000204073426701
8.678678678678677,8.514147155159801,7.014774337882914,10.013519972436688
8.687087087087086,8.52597934993813,7.025105443723223,10.026853256153036
8.695495495495495,8.537805253217263,7.035406225407612,10.040204281026913
8.703903903903903,8.549624968136529,7.045676538775913,10.053573397497145
8.712312312312312,8.56143859783526,7.055916245834933,10.066960949835586
8.72072072072072,8.573246245452784,7.066125214908637,10.080367275996931
8.729129129129127,8.585048014128436,7.076303320783841,10.093792707473032
8.737537537537536,8.596844007001545,7.0864504448513586,10.107237569151732
8.745945945945945,8.608634327211444,7.096566475242542,10.120702179180347
8.754354354354353,8.620419077897463,7.106651306961197,10.134186848833728
8.762762762762762,8.632198362198931,7.116704842010783,10.147691882387079
8.77117117117117,8.643972283255184,7.126726989516915,10.161217576993455
8.779579579579579,8.655740944205549,7.13671766584505,10.174764222566047
8.787987987987988,8.66750444818936,7.146676794713424,10.188332101665296
8.796396396396394,8.679262898345943,7.156604307301091,10.201921489390795
8.804804804804805,8.691016397814638,7.1665001423511425,10.215532653278132
8.813213213213212,8.702765049734763,7.176364246268985,10.229165853200541
8.82162162162162,8.714508957245663,7.186196573215745,10.24282134127558
8.830030030030029,8.72624822348666,7.195997085196682,10.256499361776639
8.838438438438438,8.73798295159709,7.205765752144685,10.270200151049494
8.846846846846846,8.749713244716283,7.215502551998784,10.28392393743378
8.855255255255255,8.761439205983567,7.225207470777671,10.297670941189464
8.863663663663663,8.773160938538277,7.2348805026482585,10.311441374428295
8.872072072072072,8.784878545519742,7.24452164998923,10.325235441050255
8.88048048048048,8.796592130067292,7.2541309234496065,10.339053336684978
8.888888888888888,8.80830179532026,7.263708342002352,10.352895248638166
8.897297297297296,8.820007644417979,7.273253932992992,10.366761355842966
8.905705705705705,8.831709780499777,7.282767732183251,10.380651828816303
8.914114114114113,8.843408306704985,7.2922497837898,10.394566829620171
8.922522522522522,8.855103326172937,7.301700140518049,10.408506511827825
8.93093093093093,8.866794942042961,7.311118863591035,10.42247102049489
8.93933933933934,8.87848325745439,7.320506022773472,10.436460492135307
8.947747747747748,8.890168375546555,7.329861696390945,10.450475054702164
8.956156156156155,8.901850399458784,7.339185971344296,10.464514827573272
8.964564564564563,8.913529432330414,7.348478943119277,10.47857992154155
8.972972972972972,8.92520557730077,7.357740715791441,10.492670438810102
8.98138138138138,8.936878937509189,7.3669714020264125,10.506786472991966
8.98978978978979,8.948549616094999,7.376171123075489,10.520928109114509
8.998198198198198,8.96021771619753,7.385340008766688,10.535095423628372
9.006606606606606,8.971883340956113,7.394478197491312,10.549288484420915
9.015015015015015,8.98354659351008,7.403585836185988,10.563507350834174
9.023423423423422,8.995207576998764,7.4126630803103994,10.577752073687128
9.03183183183183,9.006866394561497,7.421710093820629,10.592022695302365
9.040240240240239,9.018523149337604,7.430727049138262,10.606319249536945
9.048648648648648,9.030177944466422,7.439714127115336,10.620641761817506
9.057057057057056,9.04183088308728,7.448671516995121,10.63499024917944
9.065465465465465,9.053482068339509,7.457599416368909,10.649364720310109
9.073873873873874,9.065131603362438,7.466498031128822,10.663765175596055
9.082282282282282,9.076779591295404,7.47536757541677,10.678191607174039
9.09069069069069,9.088426135277732,7.4842082715695755,10.692643998985888
9.099099099099098,9.100071338448753,7.493020350060429,10.707122326837077
9.107507507507506,9.111715303947804,7.5018040494367035,10.721626558458905
9.115915915915915,9.123358134914213,7.5105596162542385,10.736156653574188
9.124324324324323,9.134999934487311,7.519287305008184,10.750712563966438
9.132732732732732,9.146640805806427,7.527987378060495,10.76529423355236
9.14114114114114,9.158280852010897,7.536660105564174,10.77990159845762
9.14954954954955,9.169920176240048,7.545305765384321,10.794534587095775
9.157957957957958,9.181558881633212,7.553924643016167,10.809193120250256
9.166366366366365,9.193197071329719,7.562517031500075,10.823877111159362
9.174774774774773,9.204834848468902,7.571083231333714,10.83858646560409
9.183183183183182,9.216472316190094,7.579623550381417,10.853321081998772
9.19159159159159,9.228109577632623,7.5881383037808705,10.868080851484375
9.2,9.23974673593582,7.596627813847239,10.8828656580244
