rt_source,rt_target,compound_id
3.936,3.151,"InChI=1S/C10H10N2O/c11-10(13)5-7-6-12-9-4-2-1-3-8(7)9/h1-4,6,12H,5H2,(H2,11,13)"
4.704,3.321,"InChI=1S/C10H10N4O/c1-7-12-13-9(10(15)14(7)11)8-5-3-2-4-6-8/h2-6H,11H2,1H3"
5.055,4.527,"InChI=1S/C10H11F3N2O/c1-15(2)9(16)14-8-5-3-4-7(6-8)10(11,12)13/h3-6H,1-2H3,(H,14,16)"
5.816,4.431,"InChI=1S/C10H11N3OS/c1-11-9(14)13(2)10-12-7-5-3-4-6-8(7)15-10/h3-6H,1-2H3,(H,11,14)"
4.444,3.722,"InChI=1S/C10H11NO/c12-6-5-8-7-11-10-4-2-1-3-9(8)10/h1-4,7,11-12H,5-6H2"
3.001,2.707,"InChI=1S/C10H12N2/c11-6-5-8-7-12-10-4-2-1-3-9(8)10/h1-4,7,12H,5-6,11H2"
2.585,1.518,"InChI=1S/C10H12N2O3/c11-7-4-2-1-3-6(7)9(13)5-8(12)10(14)15/h1-4,8H,5,11-12H2,(H,14,15)"
1.765,0.934,"InChI=1S/C10H12N4O6/c15-1-3-5(16)6(17)9(20-3)14-2-11-4-7(14)12-10(19)13-8(4)18/h2-3,5-6,9,15-17H,1H2,(H2,12,13,18,19)"
3.225,2.732,"InChI=1S/C10H12O5/c1-15-9-5-6(2-3-7(9)11)4-8(12)10(13)14/h2-3,5,8,11-12H,4H2,1H3,(H,13,14)"
5.303,4.484,"InChI=1S/C10H13ClN2O/c1-7-4-5-8(6-9(7)11)12-10(14)13(2)3/h4-6H,1-3H3,(H,12,14)"
2.329,1.257,"InChI=1S/C10H13N5O3/c1-4-6(16)7(17)10(18-4)15-3-14-5-8(11)12-2-13-9(5)15/h2-4,6-7,10,16-17H,1H3,(H2,11,12,13)"
1.985,0.941,"InChI=1S/C10H13N5O4/c11-10-13-8-7(9(18)14-10)12-3-15(8)6-1-4(17)5(2-16)19-6/h3-6,16-17H,1-2H2,(H3,11,13,14,18)"
2.39,1.373,"InChI=1S/C10H14N2O5/c1-5-3-12(10(16)11-9(5)15)8-2-6(14)7(4-13)17-8/h3,6-8,13-14H,2,4H2,1H3,(H,11,15,16)"
3.491,2.617,"InChI=1S/C10H15NO3S/c1-2-3-4-7-11-8-5-6-10(9-11)15(12,13)14/h5-6,8-9H,2-4,7H2,1H3"
4.204,2.928,"InChI=1S/C10H16N2O3S/c13-8(14)4-2-1-3-7-9-6(5-16-7)11-10(15)12-9/h6-7,9H,1-5H2,(H,13,14)(H2,11,12,15)"
4.401,3.149,"InChI=1S/C10H18N2O3/c1-7-8(12-10(15)11-7)5-3-2-4-6-9(13)14/h7-8H,2-6H2,1H3,(H,13,14)(H2,11,12,15)"
6.324,4.285,InChI=1S/C10H18N4O4S3/c1-7(19-5)11-17-9(15)13(3)21-14(4)10(16)18-12-8(2)20-6/h1-6H3
5.787,4.966,"InChI=1S/C10H18O2/c1-2-3-4-5-6-7-8-9-10(11)12/h2H,1,3-9H2,(H,11,12)"
5.795,4.958,"InChI=1S/C10H18O2/c1-2-3-4-5-6-7-8-9-10(11)12/h8-9H,2-7H2,1H3,(H,11,12)"
5.008,3.853,"InChI=1S/C10H19N5O/c1-5-7(3)12-9-13-8(11-6-2)14-10(15-9)16-4/h7H,5-6H2,1-4H3,(H2,11,12,13,14,15)"
4.983,3.845,"InChI=1S/C10H19N5O/c1-6(2)11-8-13-9(12-7(3)4)15-10(14-8)16-5/h6-7H,1-5H3,(H2,11,12,13,14,15)"
5.485,4.344,"InChI=1S/C10H19O7PS/c1-5-16-9(11)7-8(10(12)17-6-2)19-18(13,14-3)15-4/h8H,5-7H2,1-4H3"
0.525,0.564,"InChI=1S/C10H26N4/c11-5-3-9-13-7-1-2-8-14-10-4-6-12/h13-14H,1-12H2"
5.442,4.117,"InChI=1S/C10H6ClNO2/c11-7-8(12)10(14)6-4-2-1-3-5(6)9(7)13/h1-4H,12H2"
4.061,2.706,"InChI=1S/C10H7N3S/c1-2-4-8-7(3-1)12-10(13-8)9-5-14-6-11-9/h1-6H,(H,12,13)"
2.368,1.011,"InChI=1S/C10H7NO2/c12-10(13)8-5-6-11-9-4-2-1-3-7(8)9/h1-6H,(H,12,13)"
4.395,2.706,"InChI=1S/C10H7NO2/c12-10(13)9-6-5-7-3-1-2-4-8(7)11-9/h1-6H,(H,12,13)"
3.821,2.633,"InChI=1S/C10H7NO3/c12-9-5-8(10(13)14)11-7-4-2-1-3-6(7)9/h1-5H,(H,11,12)(H,13,14)"
3.411,2.416,"InChI=1S/C10H7NO4/c12-7-3-1-2-5-8(13)4-6(10(14)15)11-9(5)7/h1-4,12H,(H,11,13)(H,14,15)"
4.606,3.433,"InChI=1S/C10H8ClN3O/c11-9-8(12)6-13-14(10(9)15)7-4-2-1-3-5-7/h1-6H,12H2"
5.471,3.853,"InChI=1S/C10H9ClN4S/c11-9-2-1-8(5-13-9)6-15-3-4-16-10(15)14-7-12/h1-2,5H,3-4,6H2"
4.399,3.71,"InChI=1S/C10H9NO2/c12-10(13)5-7-6-11-9-4-2-1-3-8(7)9/h1-4,6,11H,5H2,(H,12,13)"
3.319,2.683,"InChI=1S/C10H9NO3/c12-7-1-2-9-8(4-7)6(5-11-9)3-10(13)14/h1-2,4-5,11-12H,3H2,(H,13,14)"
5.437,4.491,"InChI=1S/C11H10Cl2F2N4O3S/c1-5-16-19(11(20)18(5)10(14)15)9-4-8(17-23(2,21)22)6(12)3-7(9)13/h3-4,10,17H,1-2H3"
5.221,4.455,"InChI=1S/C11H11NO2/c1-14-11(13)6-8-7-12-10-5-3-2-4-9(8)10/h2-5,7,12H,6H2,1H3"
4.849,4.027,"InChI=1S/C11H11NO2/c13-11(14)6-5-8-7-12-10-4-2-1-3-9(8)10/h1-4,7,12H,5-6H2,(H,13,14)"
4.088,3.435,"InChI=1S/C11H11NO3/c13-10(11(14)15)5-7-6-12-9-4-2-1-3-8(7)9/h1-4,6,10,12-13H,5H2,(H,14,15)"
4.601,3.589,"InChI=1S/C11H11NO3/c13-10(12-8-11(14)15)7-6-9-4-2-1-3-5-9/h1-7H,8H2,(H,12,13)(H,14,15)"
6.437,5.092,"InChI=1S/C11H12NO4PS2/c1-15-17(18,16-2)19-7-12-10(13)8-5-3-4-6-9(8)11(12)14/h3-6H,7H2,1-2H3"
2.362,2.218,"InChI=1S/C11H13N3O/c12-9(11(13)15)5-7-6-14-10-4-2-1-3-8(7)10/h1-4,6,9,14H,5,12H2,(H2,13,15)"
3.081,2.581,"InChI=1S/C11H13NO4/c1-7(13)12-10(11(15)16)6-8-2-4-9(14)5-3-8/h2-5,10,14H,6H2,1H3,(H,12,13)(H,15,16)"
6.568,6.108,"InChI=1S/C11H15BrClO3PS/c1-3-7-18-17(14,15-4-2)16-11-6-5-9(12)8-10(11)13/h5-6,8H,3-4,7H2,1-2H3"
3.745,2.9,"InChI=1S/C11H15ClN4O2/c1-3-15(11(13-2)8-16(17)18)7-9-4-5-10(12)14-6-9/h4-6,8,13H,3,7H2,1-2H3"
0.734,0.695,"InChI=1S/C11H15N2O8P/c12-10(16)6-2-1-3-13(4-6)11-9(15)8(14)7(21-11)5-20-22(17,18)19/h1-4,7-9,11,14-15H,5H2,(H3-,12,16,17,18,19)"
5.486,4.753,"InChI=1S/C11H15NO2/c1-7-5-8(2)9(3)10(6-7)14-11(13)12-4/h5-6H,1-4H3,(H,12,13)"
4.321,4.375,"InChI=1S/C11H15NO3/c1-8(2)14-9-6-4-5-7-10(9)15-11(13)12-3/h4-8H,1-3H3,(H,12,13)"
3.081,2.034,"InChI=1S/C11H16N2O2/c1-8-7-9(15-11(14)12-2)5-6-10(8)13(3)4/h5-7H,1-4H3,(H,12,14)"
3.885,2.599,"InChI=1S/C11H16NO4PS/c1-8(2)15-11(13)9-6-4-5-7-10(9)16-17(12,18)14-3/h4-8H,1-3H3,(H2,12,18)"
4.087,3.185,"InChI=1S/C11H17NO3S/c1-2-3-4-5-8-12-9-6-7-11(10-12)16(13,14)15/h6-7,9-10H,2-5,8H2,1H3"
5.108,3.348,InChI=1S/C11H18N4O2/c1-7-8(2)12-10(14(3)4)13-9(7)17-11(16)15(5)6/h1-6H3
4.311,3.278,"InChI=1S/C11H19N3O/c1-4-6-7-9-8(3)13-11(12-5-2)14-10(9)15/h4-7H2,1-3H3,(H2,12,13,14,15)"
0.603,0.722,"InChI=1S/C11H19NO9/c1-4(14)12-7-5(15)2-11(20,10(18)19)21-9(7)8(17)6(16)3-13/h5-9,13,15-17,20H,2-3H2,1H3,(H,12,14)(H,18,19)"
6.453,5.881,"InChI=1S/C11H20N3O3PS/c1-6-14(7-2)11-12-9(3)8-10(13-11)17-18(19,15-4)16-5/h8H,6-7H2,1-5H3"
5.533,4.213,"InChI=1S/C11H21N5OS/c1-8(2)13-10-14-9(12-6-5-7-17-3)15-11(16-10)18-4/h8H,5-7H2,1-4H3,(H2,12,13,14,15,16)"
6.449,6.076,"InChI=1S/C11H21NOS/c1-3-12(11(13)14-4-2)10-8-6-5-7-9-10/h10H,3-9H2,1-2H3"
5.336,3.492,"InChI=1S/C11H8ClNO2/c1-6-4-7-2-3-8(12)9(11(14)15)10(7)13-5-6/h2-5H,1H3,(H,14,15)"
4.049,2.817,"InChI=1S/C11H8N2O/c1-2-5-9-8(4-1)12-11(13-9)10-6-3-7-14-10/h1-7H,(H,12,13)"
4.875,3.882,"InChI=1S/C11H9NO2/c13-11(14)6-5-8-7-12-10-4-2-1-3-9(8)10/h1-7,12H,(H,13,14)"
5.32,4.468,"InChI=1S/C12H10ClN3O/c13-11-8-10(6-7-14-11)16-12(17)15-9-4-2-1-3-5-9/h1-8H,(H2,14,15,16,17)"
5.412,3.553,"InChI=1S/C12H10N4O2/c1-5-3-7-8(4-6(5)2)14-10-9(13-7)11(17)16-12(18)15-10/h3-4H,1-2H3,(H2,14,15,16,17,18)"
5.99,4.621,"InChI=1S/C12H11Cl2N3O2/c13-9-1-2-10(11(14)5-9)12(18-3-4-19-12)6-17-8-15-7-16-17/h1-2,5,7-8H,3-4,6H2"
5.682,5.286,"InChI=1S/C12H11Cl2NO/c1-4-12(2,3)15-11(16)8-5-9(13)7-10(14)6-8/h1,5-7H,2-3H3,(H,15,16)"
4.42,3.403,"InChI=1S/C12H11NO2/c1-13-12(14)15-11-8-4-6-9-5-2-3-7-10(9)11/h2-8H,1H3,(H,13,14)"
6.016,4.41,"InChI=1S/C12H12ClN5O4S/c1-7-14-10(17-12(15-7)22-2)16-11(19)18-23(20,21)9-6-4-3-5-8(9)13/h3-6H,1-2H3,(H2,14,15,16,17,18,19)"
5.617,4.445,"InChI=1S/C12H13N3/c1-9-8-10(2)14-12(13-9)15-11-6-4-3-5-7-11/h3-8H,1-2H3,(H,13,14,15)"
5.934,4.17,"InChI=1S/C12H13N5O6S2/c1-6-13-10(16-12(14-6)23-3)15-11(19)17-25(20,21)7-4-5-24-8(7)9(18)22-2/h4-5H,1-3H3,(H2,13,14,15,16,17,19)"
5.5,4.798,"InChI=1S/C12H13NO2/c1-2-15-12(14)7-9-8-13-11-6-4-3-5-10(9)11/h3-6,8,13H,2,7H2,1H3"
5.135,4.259,"InChI=1S/C12H13NO2/c14-12(15)7-3-4-9-8-13-11-6-2-1-5-10(9)11/h1-2,5-6,8,13H,3-4,7H2,(H,14,15)"
5.586,4.567,"InChI=1S/C12H13NO2S/c1-9-11(16-8-7-15-9)12(14)13-10-5-3-2-4-6-10/h2-6H,7-8H2,1H3,(H,13,14)"
6.39,5.654,"InChI=1S/C12H14Cl3O4P/c1-3-17-20(16,18-4-2)19-12(8-13)10-6-5-9(14)7-11(10)15/h5-8H,3-4H2,1-2H3"
5.973,4.939,"InChI=1S/C12H14ClNO2/c1-12(2)8-16-14(11(12)15)7-9-5-3-4-6-10(9)13/h3-6H,7-8H2,1-2H3"
3.762,2.776,"InChI=1S/C12H14N2O2/c1-8(15)13-5-4-9-7-14-12-3-2-10(16)6-11(9)12/h2-3,6-7,14,16H,4-5H2,1H3,(H,13,15)"
4.678,3.472,"InChI=1S/C12H14N2S/c1-9-4-5-11(10(2)8-9)13-12-14(3)6-7-15-12/h4-8H,1-3H3"
6.682,5.936,"InChI=1S/C12H15ClNO4PS2/c1-3-16-19(20,17-4-2)21-8-14-10-6-5-9(13)7-11(10)18-12(14)15/h5-7H,3-4,8H2,1-2H3"
6.453,5.683,"InChI=1S/C12H15N2O3PS/c1-3-15-18(19,16-4-2)17-12-9-13-10-7-5-6-8-11(10)14-12/h5-9H,3-4H2,1-2H3"
6.443,5.685,"InChI=1S/C12H15N2O3PS/c1-3-15-18(19,16-4-2)17-14-12(10-13)11-8-6-5-7-9-11/h5-9H,3-4H2,1-2H3"
5.35,4.405,"InChI=1S/C12H15NO3/c1-12(2)7-8-5-4-6-9(10(8)16-12)15-11(14)13-3/h4-6H,7H2,1-3H3,(H,13,14)"
6.338,5.43,"InChI=1S/C12H16N3O3PS/c1-3-16-19(20,17-4-2)18-12-13-10-15(14-12)11-8-6-5-7-9-11/h5-10H,3-4H2,1-2H3"
0.624,0.67,"InChI=1S/C12H17N4O4PS/c1-8-11(3-4-20-21(17,18)19)22-7-16(8)6-10-5-14-9(2)15-12(10)13/h5,7H,3-4,6H2,1-2H3,(H3-,13,14,15,17,18,19)"
5.754,4.67,"InChI=1S/C12H17NO/c1-4-13(5-2)12(14)11-8-6-7-10(3)9-11/h6-9H,4-5H2,1-3H3"
6.301,5.45,"InChI=1S/C12H18O4S2/c1-7(2)15-10(13)9(11(14)16-8(3)4)12-17-5-6-18-12/h7-8H,5-6H2,1-4H3"
4.576,3.622,"InChI=1S/C12H19NO3S/c1-2-3-4-5-6-9-13-10-7-8-12(11-13)17(14,15)16/h7-8,10-11H,2-6,9H2,1H3"
6.34,5.901,"InChI=1S/C12H21N2O3PS/c1-6-15-18(19,16-7-2)17-11-8-10(5)13-12(14-11)9(3)4/h8-9H,6-7H2,1-5H3"
3.251,2.648,"InChI=1S/C12H21NO4/c1-6-9(2)12(16)17-10(7-11(14)15)8-13(3,4)5/h6,10H,7-8H2,1-5H3"
2.077,0.9215,"InChI=1S/C12H21NO6/c1-13(2,3)8-9(7-11(16)17)19-12(18)6-4-5-10(14)15/h9H,4-8H2,1-3H3,(H-,14,15,16,17)"
5.721,5.611,"InChI=1S/C12H4Cl2F6N4OS/c13-5-1-4(11(15,16)17)2-6(14)8(5)24-10(22)9(7(3-21)23-24)26(25)12(18,19)20/h1-2H,22H2"
5.088,3.68,"InChI=1S/C12H9F2N5O2S/c1-7-5-6-19-11(15-7)16-12(17-19)22(20,21)18-10-8(13)3-2-4-9(10)14/h2-6,18H,1H3"
6.393,5.62,"InChI=1S/C13H13ClN4O2S/c1-9-4-6-10(7-5-9)12-13(14)16-11(8-15)18(12)21(19,20)17(2)3/h4-7H,1-3H3"
4.309,3.388,"InChI=1S/C13H14N2O3/c1-8(16)15-12(13(17)18)6-9-7-14-11-5-3-2-4-10(9)11/h2-5,7,12,14H,6H2,1H3,(H,15,16)(H,17,18)"
6.24,5.488,"InChI=1S/C13H15Cl2N3/c1-2-3-10(7-18-9-16-8-17-18)12-5-4-11(14)6-13(12)15/h4-6,8-10H,2-3,7H2,1H3"
6.596,5.144,"InChI=1S/C13H15ClN6O7S/c1-20-10(8(9(14)18-20)11(21)27-4)28(23,24)19-13(22)17-12-15-6(25-2)5-7(16-12)26-3/h5H,1-4H3,(H2,15,16,17,19,22)"
4.739,3.594,"InChI=1S/C13H16N2O2/c1-9(16)14-6-5-10-8-15-13-4-3-11(17-2)7-12(10)13/h3-4,7-8,15H,5-6H2,1-2H3,(H,14,16)"
5.957,4.881,"InChI=1S/C13H18ClNO2/c1-10-5-4-6-11(2)13(10)15(7-8-17-3)12(16)9-14/h4-6H,7-9H2,1-3H3"
5.645,4.27,"InChI=1S/C13H18N2O2/c16-12-10-7-4-8-11(10)14-13(17)15(12)9-5-2-1-3-6-9/h9H,1-8H2,(H,14,17)"
6.033,5.31,"InChI=1S/C13H18O5S/c1-5-16-12-13(2,3)10-8-9(18-19(4,14)15)6-7-11(10)17-12/h6-8,12H,5H2,1-4H3"
6.896,6.381,"InChI=1S/C13H19N3O4/c1-5-10(6-2)14-12-11(15(17)18)7-8(3)9(4)13(12)16(19)20/h7,10,14H,5-6H2,1-4H3"
5.498,4.876,"InChI=1S/C13H20O3/c1-3-4-5-6-11-10(7-8-12(11)14)9-13(15)16-2/h4-5,10-11H,3,6-9H2,1-2H3"
4.966,3.996,"InChI=1S/C13H21NO3S/c1-2-3-4-5-6-7-10-14-11-8-9-13(12-14)18(15,16)17/h8-9,11-12H,2-7,10H2,1H3"
6,5.641,"InChI=1S/C13H21NOSSi/c1-7-8-14-12(15)11-9(2)10(3)16-13(11)17(4,5)6/h7H,1,8H2,2-6H3,(H,14,15)"
6.137,5.206,"InChI=1S/C13H22NO3PS/c1-6-16-18(15,14-10(2)3)17-12-7-8-13(19-5)11(4)9-12/h7-10H,6H2,1-5H3,(H,14,15)"
2.703,1.538,"InChI=1S/C13H23NO6/c1-14(2,3)9-10(8-12(17)18)20-13(19)7-5-4-6-11(15)16/h10H,4-9H2,1-3H3,(H-,15,16,17,18)"
6.095,5.02,"InChI=1S/C13H24N4O3S/c1-6-8-9-11-10(3)15-13(14-7-2)16-12(11)20-21(18,19)17(4)5/h6-9H2,1-5H3,(H,14,15,16)"
3.924,3.305,"InChI=1S/C13H25NO4/c1-5-6-7-8-13(17)18-11(9-12(15)16)10-14(2,3)4/h11H,5-10H2,1-4H3"
6.17,5.513,"InChI=1S/C14H13F4N3O2S/c1-8(2)21(10-5-3-9(15)4-6-10)11(22)7-23-13-20-19-12(24-13)14(16,17)18/h3-6,8H,7H2,1-2H3"
6.256,5.333,"InChI=1S/C14H13N3/c1-3-7-13-10-11(2)15-14(17-13)16-12-8-5-4-6-9-12/h4-6,8-10H,1-2H3,(H,15,16,17)"
5.209,4.202,"InChI=1S/C14H14Cl2N2O/c1-2-7-19-14(9-18-6-5-17-10-18)12-4-3-11(15)8-13(12)16/h2-6,8,10,14H,1,7,9H2"
5.967,4.252,"InChI=1S/C14H15N5O6S/c1-8-15-12(18-14(16-8)25-3)17-13(21)19-26(22,23)10-7-5-4-6-9(10)11(20)24-2/h4-7H,1-3H3,(H2,15,16,17,18,19,21)"
6.158,5.81,"InChI=1S/C14H16Cl3NO2/c1-4-14(3,12(19)7-15)18-13(20)9-5-10(16)8(2)11(17)6-9/h5-6H,4,7H2,1-3H3,(H,18,20)"
5.863,4.811,"InChI=1S/C14H16ClN3O/c1-11-5-3-6-12(2)14(11)18(13(19)9-15)10-17-8-4-7-16-17/h3-8H,9-10H2,1-2H3"
5.994,5.246,"InChI=1S/C14H16ClN3O2/c1-14(2,3)12(19)13(18-9-16-8-17-18)20-11-6-4-10(15)5-7-11/h4-9,13H,1-3H3"
5.934,4.349,"InChI=1S/C14H16ClN5O5S/c1-9-16-12(19-14(17-9)24-2)18-13(21)20-26(22,23)11-6-4-3-5-10(11)25-8-7-15/h3-6H,7-8H2,1-2H3,(H2,16,17,18,19,20,21)"
6.898,5.814,"InChI=1S/C14H16ClO5PS/c1-4-17-21(22,18-5-2)20-10-6-7-11-9(3)13(15)14(16)19-12(11)8-10/h6-8H,4-5H2,1-3H3"
6.111,5.484,"InChI=1S/C14H17Cl2N3O/c1-2-3-6-14(20,8-19-10-17-9-18-19)12-5-4-11(15)7-13(12)16/h4-5,7,9-10,20H,2-3,6,8H2,1H3"
6.875,6.639,"InChI=1S/C14H17IN2O2/c1-3-7-17-13(18)11-9-10(15)5-6-12(11)16-14(17)19-8-4-2/h5-6,9H,3-4,7-8H2,1-2H3"
6.18,4.366,"InChI=1S/C14H17N5O7S2/c1-4-27(21,22)9-6-5-7-15-12(9)28(23,24)19-14(20)18-13-16-10(25-2)8-11(17-13)26-3/h5-8H,4H2,1-3H3,(H2,16,17,18,19,20)"
5.765,5.01,"InChI=1S/C14H18ClN3O2/c1-14(2,3)12(19)13(18-9-16-8-17-18)20-11-6-4-10(15)5-7-11/h4-9,12-13,19H,1-3H3"
5.617,4.103,"InChI=1S/C14H18N2O4/c1-10-5-4-6-11(2)13(10)16(12(17)9-19-3)15-7-8-20-14(15)18/h4-6H,7-9H2,1-3H3"
5.186,4.677,"InChI=1S/C14H19NO/c1-5-16-11-6-7-13-12(8-11)10(2)9-14(3,4)15-13/h6-9,15H,5H2,1-4H3"
5.797,5.109,"InChI=1S/C14H21NO4/c1-5-17-12-8-7-11(9-13(12)18-6-2)15-14(16)19-10(3)4/h7-10H,5-6H2,1-4H3,(H,15,16)"
6.541,6.165,"InChI=1S/C14H21NOS/c1-3-10-15(11-4-2)14(16)17-12-13-8-6-5-7-9-13/h5-9H,3-4,10-12H2,1-2H3"
5.27,4.334,"InChI=1S/C14H23NO3S/c1-2-3-4-5-6-7-8-11-15-12-9-10-14(13-15)19(16,17)18/h9-10,12-13H,2-8,11H2,1H3"
0.633,0.672,"InChI=1S/C14H26N4O11P2/c1-18(2,3)6-7-26-30(22,23)29-31(24,25)27-8-9-11(19)12(20)13(28-9)17-5-4-10(15)16-14(17)21/h4-5,9,11-13,19-20H,6-8H2,1-3H3,(H3-,15,16,21,22,23,24,25)"
6.656,5.876,InChI=1S/C14H8Cl2N4/c15-11-7-3-1-5-9(11)13-17-19-14(20-18-13)10-6-2-4-8-12(10)16/h1-8H
6.039,5.336,"InChI=1S/C14H8Cl3F3N2O/c15-8-2-1-3-9(16)12(8)13(23)22-6-11-10(17)4-7(5-21-11)14(18,19)20/h1-5H,6H2,(H,22,23)"
6.098,5.363,"InChI=1S/C14H9ClF2N2O2/c15-8-4-6-9(7-5-8)18-14(21)19-13(20)12-10(16)2-1-3-11(12)17/h1-7H,(H2,18,19,20,21)"
6.164,5.668,"InChI=1S/C15H10ClF3N2O3/c16-12-4-2-1-3-11(12)13(22)21-14(23)20-9-5-7-10(8-6-9)24-15(17,18)19/h1-8H,(H2,20,21,22,23)"
5.694,4.292,"InChI=1S/C15H11I4NO4/c16-8-4-7(5-9(17)13(8)21)24-14-10(18)1-6(2-11(14)19)3-12(20)15(22)23/h1-2,4-5,12,21H,3,20H2,(H,22,23)"
5.317,4.011,"InChI=1S/C15H12I3NO4/c16-9-6-8(1-2-13(9)20)23-14-10(17)3-7(4-11(14)18)5-12(19)15(21)22/h1-4,6,12,20H,5,19H2,(H,21,22)"
4.871,3.603,"InChI=1S/C15H13I2NO4/c16-11-5-8(7-13(18)15(20)21)6-12(17)14(11)22-10-3-1-9(19)2-4-10/h1-6,13,19H,7,18H2,(H,20,21)"
6.361,5.632,"InChI=1S/C15H14Cl2F3N3O3/c1-3-26-13(24)10(17)4-8-5-12(11(18)6-9(8)16)23-15(25)22(14(19)20)7(2)21-23/h5-6,10,14H,3-4H2,1-2H3"
6.289,5.517,"InChI=1S/C15H15ClF3N3O/c1-2-7-23-9-14(22-6-5-20-10-22)21-13-4-3-11(16)8-12(13)15(17,18)19/h3-6,8,10H,2,7,9H2,1H3"
6.008,5.136,"InChI=1S/C15H15ClN2O2/c1-18(2)15(19)17-12-5-9-14(10-6-12)20-13-7-3-11(16)4-8-13/h3-10H,1-2H3,(H,17,19)"
6.563,5.112,"InChI=1S/C15H16Cl3N3O2/c1-2-4-20(15(22)21-5-3-19-10-21)6-7-23-14-12(17)8-11(16)9-13(14)18/h3,5,8-10H,2,4,6-7H2,1H3"
6.16,5.581,"InChI=1S/C15H17Cl2N3O/c1-15(2,3)14(21)13(20-9-18-8-19-20)6-10-4-5-11(16)7-12(10)17/h4-9,14,21H,1-3H3"
6.439,5.599,"InChI=1S/C15H17Cl2N3O2/c1-2-3-12-7-21-15(22-12,8-20-10-18-9-19-20)13-5-4-11(16)6-14(13)17/h4-6,9-10,12H,2-3,7-8H2,1H3"
5.99,5.191,"InChI=1S/C15H17ClN4/c1-2-3-8-15(9-17,10-20-12-18-11-19-20)13-4-6-14(16)7-5-13/h4-7,11-12H,2-3,8,10H2,1H3"
5.82,4.794,"InChI=1S/C15H17N5O6S/c1-9-16-13(18-14(17-9)26-4)20(2)15(22)19-27(23,24)11-8-6-5-7-10(11)12(21)25-3/h5-8H,1-4H3,(H,19,22)"
6.551,6.363,"InChI=1S/C15H18Cl2N2O3/c1-8(2)21-12-7-11(9(16)6-10(12)17)19-14(20)22-13(18-19)15(3,4)5/h6-8H,1-5H3"
5.842,5.077,"InChI=1S/C15H18ClN3O/c1-11(12-2-3-12)15(20,8-19-10-17-9-18-19)13-4-6-14(16)7-5-13/h4-7,9-12,20H,2-3,8H2,1H3"
5.715,4.973,"InChI=1S/C15H20ClN3O/c1-15(2,3)14(20)13(19-10-17-9-18-19)8-11-4-6-12(16)7-5-11/h4-7,9-10,13-14,20H,8H2,1-3H3"
5.945,4.656,"InChI=1S/C15H21NO4/c1-10-7-6-8-11(2)14(10)16(13(17)9-19-4)12(3)15(18)20-5/h6-8,12H,9H2,1-5H3"
5.527,4.658,"InChI=1S/C15H25NO3S/c1-2-3-4-5-6-7-8-9-12-16-13-10-11-15(14-16)20(17,18)19/h10-11,13-14H,2-9,12H2,1H3"
4.661,3.831,"InChI=1S/C15H27NO4/c1-5-6-7-8-9-10-15(19)20-13(11-14(17)18)12-16(2,3)4/h9-10,13H,5-8,11-12H2,1-4H3"
6.846,6.151,InChI=1S/C15H8Cl2FNO/c16-9-7-12(17)15-13(8-9)19-6-5-14(15)20-11-3-1-10(18)2-4-11/h1-8H
6.275,5.345,"InChI=1S/C16H15F2N3Si/c1-22(12-21-11-19-10-20-21,15-6-2-13(17)3-7-15)16-8-4-14(18)5-9-16/h2-11H,12H2,1H3"
5.705,4.964,"InChI=1S/C16H16N2O4/c1-11-5-3-6-12(9-11)18-16(20)22-14-8-4-7-13(10-14)17-15(19)21-2/h3-10H,1-2H3,(H,17,19)(H,18,20)"
6.111,5.371,"InChI=1S/C16H22ClN3O/c1-15(2,3)16(21,10-20-12-18-11-19-20)9-8-13-4-6-14(17)7-5-13/h4-7,11-12,21H,8-10H2,1-3H3"
2.273,0.752,"InChI=1S/C16H22N6O4/c17-14(24)12-2-1-5-22(12)16(26)11(6-9-7-18-8-19-9)21-15(25)10-3-4-13(23)20-10/h7-8,10-12H,1-6H2,(H2,17,24)(H,18,19)(H,20,23)(H,21,25)"
6.498,5.791,"InChI=1S/C16H23N3OS/c1-12(2)19-14(17-16(3,4)5)21-11-18(15(19)20)13-9-7-6-8-10-13/h6-10,12H,11H2,1-5H3"
5.74,4.968,"InChI=1S/C16H27NO3S/c1-2-3-4-5-6-7-8-9-10-13-17-14-11-12-16(15-17)21(18,19)20/h11-12,14-15H,2-10,13H2,1H3"
4.74,3.628,"InChI=1S/C16H29N3O6S/c1-2-3-4-5-8-26-10-12(15(23)18-9-14(21)22)19-13(20)7-6-11(17)16(24)25/h11-12H,2-10,17H2,1H3,(H,18,23)(H,19,20)(H,21,22)(H,24,25)"
6.406,5.272,InChI=1S/C16H8Cl2FN5O/c17-9-1-4-14(12(18)5-9)24-15(25)11-6-10(19)2-3-13(11)22-16(24)23-8-20-7-21-23/h1-8H
6.127,5.17,"InChI=1S/C17H12Cl2N2O/c18-14-7-5-12(6-8-14)17(22,13-9-20-11-21-10-13)15-3-1-2-4-16(15)19/h1-11,22H"
6.045,5.228,"InChI=1S/C17H17N3OS/c1-17(13-9-5-3-6-10-13)15(21)20(16(18-17)22-2)19-14-11-7-4-8-12-14/h3-12,19H,1-2H3"
6.213,4.117,"InChI=1S/C17H18N4O6S/c1-10-7-11(2)19-16(18-10)20-17(23)21-28(24,25)14-6-4-3-5-13(14)15(22)27-12-8-26-9-12/h3-7,12H,8-9H2,1-2H3,(H2,18,19,20,21,23)"
6.189,5.095,"InChI=1S/C17H19NO4/c1-11-7-5-8-12(2)15(11)18(13(3)17(20)21-4)16(19)14-9-6-10-22-14/h5-10,13H,1-4H3"
6.289,5.478,"InChI=1S/C17H19NO4/c1-2-20-17(19)18-12-13-21-14-8-10-16(11-9-14)22-15-6-4-3-5-7-15/h3-11H,2,12-13H2,1H3,(H,18,19)"
6.029,5.083,"InChI=1S/C17H20ClN3O/c1-16(2)8-7-14(9-13-3-5-15(18)6-4-13)17(16,22)10-21-12-19-11-20-21/h3-6,9,11-12,22H,7-8,10H2,1-2H3"
4.641,2.873,"InChI=1S/C17H20N4O6/c1-7-3-9-10(4-8(7)2)21(5-11(23)14(25)12(24)6-22)15-13(18-9)16(26)20-17(27)19-15/h3-4,11-12,14,22-25H,5-6H2,1-2H3,(H,20,26,27)"
5.928,4.036,"InChI=1S/C17H20N6O7S/c1-23(2)15(25)11-6-5-10(18-9-24)7-12(11)31(27,28)22-17(26)21-16-19-13(29-3)8-14(20-16)30-4/h5-9H,1-4H3,(H,18,24)(H2,19,20,21,22,26)"
6.853,6.402,"InChI=1S/C17H21ClN2O2S/c1-11-15(12-7-9-13(18)10-8-12)23-17(22)20(11)16(21)19-14-5-3-2-4-6-14/h7-11,14-15H,2-6H2,1H3,(H,19,21)"
6.193,5.516,"InChI=1S/C17H22ClN3O/c1-16(2)8-7-14(9-13-3-5-15(18)6-4-13)17(16,22)10-21-12-19-11-20-21/h3-6,11-12,14,22H,7-10H2,1-2H3"
6.717,5.524,"InChI=1S/C17H25N3O4S2/c1-5-23-16(21)11-12-20(13-15-9-7-6-8-10-15)26-19(3)17(22)24-18-14(2)25-4/h6-10H,5,11-13H2,1-4H3"
5.923,5.273,"InChI=1S/C17H29NO3S/c1-2-3-4-5-6-7-8-9-10-11-14-18-15-12-13-17(16-18)22(19,20)21/h12-13,15-16H,2-11,14H2,1H3"
5.261,4.546,"InChI=1S/C17H33NO4/c1-5-6-7-8-9-10-11-12-17(21)22-15(13-16(19)20)14-18(2,3)4/h15H,5-14H2,1-4H3"
6.361,6.13,"InChI=1S/C17H8Cl2F8N2O3/c18-6-5-11(32-17(26,27)14(22)16(23,24)25)7(19)4-10(6)28-15(31)29-13(30)12-8(20)2-1-3-9(12)21/h1-5,14H,(H2,28,29,30,31)"
6.18,5.953,"InChI=1S/C17H9ClF8N2O4/c18-8-6-7(4-5-11(8)31-16(22,23)14(21)32-17(24,25)26)27-15(30)28-13(29)12-9(19)2-1-3-10(12)20/h1-6,14H,(H2,27,28,29,30)"
6.066,5.268,"InChI=1S/C18H12Cl2N2O/c19-13-9-7-12(8-10-13)14-4-1-2-6-16(14)22-18(23)15-5-3-11-21-17(15)20/h1-11H,(H,22,23)"
5.94,4.9,"InChI=1S/C18H14BrCl2N5O2/c1-9-6-10(20)7-11(17(27)22-2)15(9)24-18(28)13-8-14(19)25-26(13)16-12(21)4-3-5-23-16/h3-8H,1-2H3,(H,22,27)(H,24,28)"
6.39,5.693,"InChI=1S/C18H16F3NO4/c1-24-11-14(17(23)25-2)13-7-4-3-6-12(13)10-26-16-9-5-8-15(22-16)18(19,20)21/h3-9,11H,10H2,1-2H3"
6.006,5.66,"InChI=1S/C18H17F4NO2/c1-2-16(17(24)23-11-12-6-4-3-5-7-12)25-13-8-9-15(19)14(10-13)18(20,21)22/h3-10,16H,2,11H2,1H3,(H,23,24)"
6.492,5.685,"InChI=1S/C18H19NO4/c1-13-8-4-7-11-16(13)23-12-14-9-5-6-10-15(14)17(19-22-3)18(20)21-2/h4-11H,12H2,1-3H3"
6.291,5.758,"InChI=1S/C18H24ClN3O/c1-13(2)17-8-5-15(9-14-3-6-16(19)7-4-14)18(17,23)10-22-12-20-11-21-22/h3-4,6-7,11-13,15,17,23H,5,8-10H2,1-2H3"
6.518,6.16,"InChI=1S/C18H24ClN3O/c1-6-14-15(19)16(22(5)21-14)17(23)20-11-12-7-9-13(10-8-12)18(2,3)4/h7-10H,6,11H2,1-5H3,(H,20,23)"
6.213,5.345,"InChI=1S/C18H24N2O4/c1-6-18(3,7-2)14-11-15(24-20-14)19-17(21)16-12(22-4)9-8-10-13(16)23-5/h8-11H,6-7H2,1-5H3,(H,19,21)"
6.814,6.253,"InChI=1S/C18H26N2O5S/c1-6-7-11-23-16(21)19(4)26-20(5)17(22)24-14-10-8-9-13-12-18(2,3)25-15(13)14/h8-10H,6-7,11-12H2,1-5H3"
5.881,5.188,"InChI=1S/C18H28N2O3/c1-11(2)16(20-18(22)23-12(3)4)17(21)19-14(6)15-9-7-13(5)8-10-15/h7-12,14,16H,1-6H3,(H,19,21)(H,20,22)"
6.082,5.574,"InChI=1S/C18H31NO3S/c1-2-3-4-5-6-7-8-9-10-11-12-15-19-16-13-14-18(17-19)23(20,21)22/h13-14,16-17H,2-12,15H2,1H3"
5.383,4.703,"InChI=1S/C18H35NO2/c1-6-12-19(7-2)13-16-14-20-18(21-16)10-8-15(9-11-18)17(3,4)5/h15-16H,6-14H2,1-5H3"
6.399,5.981,"InChI=1S/C19H11F5N2O2/c20-12-6-7-16(15(21)10-12)26-17(27)14-5-2-8-25-18(14)28-13-4-1-3-11(9-13)19(22,23)24/h1-10H,(H,26,27)"
6.617,6.126,"InChI=1S/C19H12F4N2O2/c20-13-7-9-14(10-8-13)24-18(26)16-5-2-6-17(25-16)27-15-4-1-3-12(11-15)19(21,22)23/h1-11H,(H,24,26)"
6.634,5.031,"InChI=1S/C19H15FN2O4/c1-2-7-21-15-9-14(13(20)8-16(15)26-10-17(21)23)22-18(24)11-5-3-4-6-12(11)19(22)25/h1,8-9H,3-7,10H2"
6.357,5.388,"InChI=1S/C19H17ClN4/c20-18-8-6-16(7-9-18)10-11-19(12-21,13-24-15-22-14-23-24)17-4-2-1-3-5-17/h1-9,14-15H,10-11,13H2"
6.39,5.832,"InChI=1S/C19H18ClN3O4/c1-25-19(24)23(26-2)17-6-4-3-5-14(17)13-27-18-11-12-22(21-18)16-9-7-15(20)8-10-16/h3-12H,13H2,1-2H3"
6.32,4.909,"InChI=1S/C19H18N4O8.Na/c1-26-12-8-13(27-2)21-18(20-12)30-10-6-5-7-11(16(10)17(24)25)31-19-22-14(28-3)9-15(23-19)29-4;/h5-9H,1-4H3,(H,24,25);/q;+1/p-1"
3.882,2.531,"InChI=1S/C19H19N7O6/c20-19-25-15-14(17(30)26-19)23-11(8-22-15)7-21-10-3-1-9(2-4-10)16(29)24-12(18(31)32)5-6-13(27)28/h1-4,8,12,21H,5-7H2,(H,24,29)(H,27,28)(H,31,32)(H3,20,22,25,26,30)"
6.738,6.057,"InChI=1S/C19H21BrO5/c1-10-9-14(23-4)18(24-5)19(25-6)15(10)17(21)16-11(2)12(20)7-8-13(16)22-3/h7-9H,1-6H3"
6.47,5.932,"InChI=1S/C19H21ClN2O/c20-16-12-10-15(11-13-16)14-22(18-8-4-5-9-18)19(23)21-17-6-2-1-3-7-17/h1-3,6-7,10-13,18H,4-5,8-9,14H2,(H,21,23)"
6.383,5.528,"InChI=1S/C19H22N2O3/c1-13-9-10-14(2)17(11-13)24-12-15-7-5-6-8-16(15)18(21-23-4)19(22)20-3/h5-11H,12H2,1-4H3,(H,20,22)"
5.553,4.62,"InChI=1S/C19H31N/c1-16(15-20-12-6-5-7-13-20)14-17-8-10-18(11-9-17)19(2,3)4/h8-11,16H,5-7,12-15H2,1-4H3"
6.219,5.871,"InChI=1S/C19H33NO3S/c1-2-3-4-5-6-7-8-9-10-11-12-13-16-20-17-14-15-19(18-20)24(21,22)23/h14-15,17-18H,2-13,16H2,1H3"
5.556,4.939,"InChI=1S/C19H35NO4/c1-5-6-7-8-9-10-11-12-13-14-19(23)24-17(15-18(21)22)16-20(2,3)4/h13-14,17H,5-12,15-16H2,1-4H3"
5.572,5.073,"InChI=1S/C19H37NO4/c1-5-6-7-8-9-10-11-12-13-14-19(23)24-17(15-18(21)22)16-20(2,3)4/h17H,5-16H2,1-4H3"
5.307,4.556,"InChI=1S/C19H37NO5/c1-5-6-7-8-9-10-11-12-16(21)13-19(24)25-17(14-18(22)23)15-20(2,3)4/h16-17,21H,5-15H2,1-4H3"
6.586,6.042,"InChI=1S/C20H19F3N2O4/c1-13(14-8-6-9-16(11-14)20(21,22)23)24-29-12-15-7-4-5-10-17(15)18(25-28-3)19(26)27-2/h4-11H,12H2,1-3H3"
6.816,6.286,"InChI=1S/C20H19NO3/c1-16(23-20-9-5-6-14-21-20)15-22-17-10-12-19(13-11-17)24-18-7-3-2-4-8-18/h2-14,16H,15H2,1H3"
6.338,5.456,"InChI=1S/C20H23N3O2/c1-20(2,3)18(24)19(23-14-21-13-22-23)25-17-11-9-16(10-12-17)15-7-5-4-6-8-15/h4-14,18-19,24H,1-3H3"
6.554,5.717,"InChI=1S/C20H23NO3/c1-14-9-8-10-15(2)19(14)21(16(3)20(23)24-4)18(22)13-17-11-6-5-7-12-17/h5-12,16H,13H2,1-4H3"
6.77,6.222,"InChI=1S/C20H30N2O5S/c1-7-25-17(23)11-12-22(14(2)3)28-21(6)19(24)26-16-10-8-9-15-13-20(4,5)27-18(15)16/h8-10,14H,7,11-13H2,1-6H3"
6.336,6.152,"InChI=1S/C20H35NO3S/c1-2-3-4-5-6-7-8-9-10-11-12-13-14-17-21-18-15-16-20(19-21)25(22,23)24/h15-16,18-19H,2-14,17H2,1H3"
6.678,5.48,"InChI=1S/C21H16ClFN4O5/c1-28-26-18(21-27-30-11-10-29-21)13-6-2-4-8-15(13)31-19-17(23)20(25-12-24-19)32-16-9-5-3-7-14(16)22/h2-9,12H,10-11H2,1H3"
6.439,4.903,"InChI=1S/C21H22ClNO4/c1-25-19-8-5-16(13-20(19)26-2)18(15-3-6-17(22)7-4-15)14-21(24)23-9-11-27-12-10-23/h3-8,13-14H,9-12H2,1-2H3"
6.858,6.698,"InChI=1S/C21H24Cl2O4/c1-4-20(2,3)19(25)26-17-16(13-10-14(22)12-15(23)11-13)18(24)27-21(17)8-6-5-7-9-21/h10-12H,4-9H2,1-3H3"
6.338,5.126,"InChI=1S/C21H27NO5/c1-5-26-20(24)27-18-17(16-12-13(2)6-7-14(16)3)19(23)22-21(18)10-8-15(25-4)9-11-21/h6-7,12,15H,5,8-11H2,1-4H3,(H,22,23)"
5.844,3.932,"InChI=1S/C21H28O5/c1-19-7-5-13(23)9-12(19)3-4-14-15-6-8-21(26,17(25)11-22)20(15,2)10-16(24)18(14)19/h9,14-15,18,22,26H,3-8,10-11H2,1-2H3"
6.381,4.328,"InChI=1S/C21H30O4/c1-20-8-7-13(23)9-12(20)3-4-14-15-5-6-16(18(25)11-22)21(15,2)10-17(24)19(14)20/h9,14-17,19,22,24H,3-8,10-11H2,1-2H3"
5.641,3.982,"InChI=1S/C21H30O5/c1-19-7-5-13(23)9-12(19)3-4-14-15-6-8-21(26,17(25)11-22)20(15,2)10-16(24)18(14)19/h9,14-16,18,22,24,26H,3-8,10-11H2,1-2H3"
6.445,6.417,"InChI=1S/C21H37NO3S/c1-2-3-4-5-6-7-8-9-10-11-12-13-14-15-18-22-19-16-17-21(20-22)26(23,24)25/h16-17,19-20H,2-15,18H2,1H3"
5.842,5.427,"InChI=1S/C21H39NO4/c1-5-6-7-8-9-10-11-12-13-14-15-16-21(25)26-19(17-20(23)24)18-22(2,3)4/h15-16,19H,5-14,17-18H2,1-4H3"
6.629,7.101,"InChI=1S/C21H40O4/c1-2-3-4-5-6-7-8-9-10-11-12-13-14-15-16-17-21(24)25-19-20(23)18-22/h9-10,20,22-23H,2-8,11-19H2,1H3"
5.842,5.53,"InChI=1S/C21H41NO4/c1-5-6-7-8-9-10-11-12-13-14-15-16-21(25)26-19(17-20(23)24)18-22(2,3)4/h19H,5-18H2,1-4H3"
6.617,5.981,"InChI=1S/C22H17ClF3N3O7/c1-33-18(30)21-10-12-9-13(23)3-8-16(12)17(21)27-28(11-35-21)19(31)29(20(32)34-2)14-4-6-15(7-5-14)36-22(24,25)26/h3-9H,10-11H2,1-2H3"
6.537,5.156,"InChI=1S/C22H17N3O5/c1-27-13-17(22(26)28-2)16-8-4-6-10-19(16)30-21-11-20(24-14-25-21)29-18-9-5-3-7-15(18)12-23/h3-11,13-14H,1-2H3"
6.951,6.138,"InChI=1S/C22H22ClN3O5/c1-14(2)26-29-11-10-28-22(27)15(3)30-17-5-7-18(8-6-17)31-21-13-24-20-12-16(23)4-9-19(20)25-21/h4-9,12-13,15H,10-11H2,1-3H3"
6.144,5.606,"InChI=1S/C22H28N2O2/c1-7-17-8-10-18(11-9-17)20(25)23-24(22(4,5)6)21(26)19-13-15(2)12-16(3)14-19/h8-14H,7H2,1-6H3,(H,23,25)"
6.061,5.366,"InChI=1S/C22H28N2O3/c1-14-11-15(2)13-17(12-14)21(26)24(22(4,5)6)23-20(25)18-9-8-10-19(27-7)16(18)3/h8-13H,1-7H3,(H,23,25)"
6.536,6.661,"InChI=1S/C22H39NO3S/c1-2-3-4-5-6-7-8-9-10-11-12-13-14-15-16-19-23-20-17-18-22(21-23)27(24,25)26/h17-18,20-21H,2-16,19H2,1H3"
6.246,5.199,"InChI=1S/C23H22ClNO4/c1-4-14-28-20-11-6-17(16-21(20)27-3)12-13-25-23(26)22(29-15-5-2)18-7-9-19(24)10-8-18/h1-2,6-11,16,22H,12-15H2,3H3,(H,25,26)"
7.091,5.504,"InChI=1S/C23H22O6/c1-11(2)16-8-14-15(28-16)6-5-12-22(24)21-13-7-18(25-3)19(26-4)9-17(13)27-10-20(21)29-23(12)14/h5-7,9,16,20-21H,1,8,10H2,2-4H3"
6.765,6.659,"InChI=1S/C23H30O4/c1-14-11-15(2)18(16(3)12-14)19-20(26-17(24)13-22(4,5)6)23(27-21(19)25)9-7-8-10-23/h11-12H,7-10,13H2,1-6H3"
7.203,5.478,"InChI=1S/C23H32O4/c1-14(24)27-13-21(26)20-7-6-18-17-5-4-15-12-16(25)8-10-22(15,2)19(17)9-11-23(18,20)3/h12,17-20H,4-11,13H2,1-3H3"
6.035,4.556,"InChI=1S/C23H32O6/c1-13(24)29-12-19(27)23(28)9-7-17-16-5-4-14-10-15(25)6-8-21(14,2)20(16)18(26)11-22(17,23)3/h10,16-18,20,26,28H,4-9,11-12H2,1-3H3"
6.618,6.87,"InChI=1S/C23H41NO3S/c1-2-3-4-5-6-7-8-9-10-11-12-13-14-15-16-17-20-24-21-18-19-23(22-24)28(25,26)27/h18-19,21-22H,2-17,20H2,1H3"
6.0615000000000006,5.9415,"InChI=1S/C23H45NO4/c1-5-6-7-8-9-10-11-12-13-14-15-16-17-18-23(27)28-21(19-22(25)26)20-24(2,3)4/h21H,5-20H2,1-4H3"
5.865,5.528,"InChI=1S/C23H45NO5/c1-5-6-7-8-9-10-11-12-13-14-15-16-20(25)17-23(28)29-21(18-22(26)27)19-24(2,3)4/h20-21,25H,5-19H2,1-4H3"
7.062,6.441,"InChI=1S/C24H27N3O4/c1-17-21(22(27(5)26-17)30-20-9-7-6-8-10-20)15-25-29-16-18-11-13-19(14-12-18)23(28)31-24(2,3)4/h6-15H,16H2,1-5H3"
6.285,4.356,"InChI=1S/C24H34O5/c1-13(4-7-21(28)29)16-5-6-17-22-18(12-20(27)24(16,17)3)23(2)9-8-15(25)10-14(23)11-19(22)26/h13-14,16-18,22H,4-12H2,1-3H3,(H,28,29)"
7.023,6.253,"InChI=1S/C24H38O3/c1-15(4-9-22(26)27)19-7-8-20-18-6-5-16-14-17(25)10-12-23(16,2)21(18)11-13-24(19,20)3/h15-16,18-21H,4-14H2,1-3H3,(H,26,27)"
6.548,5.081,"InChI=1S/C24H38O4/c1-14(4-7-21(27)28)17-5-6-18-22-19(9-11-24(17,18)3)23(2)10-8-16(25)12-15(23)13-20(22)26/h14-19,22,25H,4-13H2,1-3H3,(H,27,28)"
7.023,7.512,"InChI=1S/C24H38O4/c1-5-9-13-19(7-3)17-27-23(25)21-15-11-12-16-22(21)24(26)28-18-20(8-4)14-10-6-2/h11-12,15-16,19-20H,5-10,13-14,17-18H2,1-4H3"
6.2,4.512,"InChI=1S/C24H38O5/c1-13(4-7-21(28)29)16-5-6-17-22-18(12-20(27)24(16,17)3)23(2)9-8-15(25)10-14(23)11-19(22)26/h13-19,22,25-26H,4-12H2,1-3H3,(H,28,29)"
6.596,6.165,"InChI=1S/C24H40O3/c1-15(4-9-22(26)27)19-7-8-20-18-6-5-16-14-17(25)10-12-23(16,2)21(18)11-13-24(19,20)3/h15-21,25H,4-14H2,1-3H3,(H,26,27)"
6.694,7.062,"InChI=1S/C24H43NO3S/c1-2-3-4-5-6-7-8-9-10-11-12-13-14-15-16-17-18-21-25-22-19-20-24(23-25)29(26,27)28/h19-20,22-23H,2-18,21H2,1H3"
6.732,6.886,"InChI=1S/C25H28O3/c1-4-27-22-15-13-21(14-16-22)25(2,3)19-26-18-20-9-8-12-24(17-20)28-23-10-6-5-7-11-23/h5-17H,4,18-19H2,1-3H3"
6.76,7.223,"InChI=1S/C25H45NO3S/c1-2-3-4-5-6-7-8-9-10-11-12-13-14-15-16-17-18-19-22-26-23-20-21-25(24-26)30(27,28)29/h20-21,23-24H,2-19,22H2,1H3"
6.153,5.992,"InChI=1S/C25H47NO4/c1-5-6-7-8-9-10-11-12-13-14-15-16-17-18-19-20-25(29)30-23(21-24(27)28)22-26(2,3)4/h12-13,23H,5-11,14-22H2,1-4H3"
6.235,6.232,"InChI=1S/C25H49NO4/c1-5-6-7-8-9-10-11-12-13-14-15-16-17-18-19-20-25(29)30-23(21-24(27)28)22-26(2,3)4/h23H,5-22H2,1-4H3"
6.466,5.578,"InChI=1S/C26H43NO4/c1-16(4-9-23(29)27-15-24(30)31)20-7-8-21-19-6-5-17-14-18(28)10-12-25(17,2)22(19)11-13-26(20,21)3/h16-22,28H,4-15H2,1-3H3,(H,27,29)(H,30,31)"
6.028499999999999,4.846,"InChI=1S/C26H43NO5/c1-15(4-7-22(30)27-14-23(31)32)18-5-6-19-24-20(9-11-26(18,19)3)25(2)10-8-17(28)12-16(25)13-21(24)29/h15-21,24,28-29H,4-14H2,1-3H3,(H,27,30)(H,31,32)"
5.908,4.39,"InChI=1S/C26H43NO5/c1-15(4-7-23(30)27-14-24(31)32)18-5-6-19-17-13-22(29)21-12-16(28)8-10-26(21,3)20(17)9-11-25(18,19)2/h15-22,28-29H,4-14H2,1-3H3,(H,27,30)(H,31,32)"
6.285,4.996,"InChI=1S/C26H43NO5/c1-15(4-9-23(30)27-14-24(31)32)19-7-8-20-18-6-5-16-12-17(28)10-11-25(16,2)21(18)13-22(29)26(19,20)3/h15-22,28-29H,4-14H2,1-3H3,(H,27,30)(H,31,32)"
6.045,4.389,"InChI=1S/C26H43NO6/c1-14(4-7-22(31)27-13-23(32)33)17-5-6-18-24-19(12-21(30)26(17,18)3)25(2)9-8-16(28)10-15(25)11-20(24)29/h14-21,24,28-30H,4-13H2,1-3H3,(H,27,31)(H,32,33)"
6.0395,4.2075,"InChI=1S/C26H45NO6S/c1-16(4-7-23(30)27-12-13-34(31,32)33)19-5-6-20-24-21(9-11-26(19,20)3)25(2)10-8-18(28)14-17(25)15-22(24)29/h16-22,24,28-29H,4-15H2,1-3H3,(H,27,30)(H,31,32,33)"
6.282,4.512,"InChI=1S/C26H45NO6S/c1-16(4-9-24(30)27-12-13-34(31,32)33)20-7-8-21-19-6-5-17-14-18(28)10-11-25(17,2)22(19)15-23(29)26(20,21)3/h16-23,28-29H,4-15H2,1-3H3,(H,27,30)(H,31,32,33)"
5.3325,3.733,"InChI=1S/C26H45NO7S/c1-15(4-7-21(29)27-12-13-35(32,33)34)17-5-6-18-22-19(9-11-25(17,18)2)26(3)10-8-16(28)14-20(26)23(30)24(22)31/h15-20,22-24,28,30-31H,4-14H2,1-3H3,(H,27,29)(H,32,33,34)"
5.968,4.027,"InChI=1S/C26H45NO7S/c1-15(4-7-23(31)27-10-11-35(32,33)34)18-5-6-19-24-20(14-22(30)26(18,19)3)25(2)9-8-17(28)12-16(25)13-21(24)29/h15-22,24,28-30H,4-14H2,1-3H3,(H,27,31)(H,32,33,34)"
6.968,6.592,"InChI=1S/C27H42O3/c1-16-7-12-27(29-15-16)17(2)24-23(30-27)14-22-20-6-5-18-13-19(28)8-10-25(18,3)21(20)9-11-26(22,24)4/h5,16-17,19-24,28H,6-15H2,1-4H3"
6.755,5.752,"InChI=1S/C27H42O4/c1-16(6-5-7-17(2)25(30)31)20-8-9-21-24-22(11-13-27(20,21)4)26(3)12-10-19(28)14-18(26)15-23(24)29/h14,16-17,20-24,29H,5-13,15H2,1-4H3,(H,30,31)"
6.728,6.892,"InChI=1S/C27H44O/c1-18(2)7-6-8-19(3)23-11-12-24-22-10-9-20-17-21(28)13-15-26(20,4)25(22)14-16-27(23,24)5/h7,9,19,21-25,28H,6,8,10-17H2,1-5H3"
6.76,6.893,"InChI=1S/C27H44O/c1-18(2)7-6-8-19(3)23-11-12-24-22-10-9-20-17-21(28)13-15-26(20,4)25(22)14-16-27(23,24)5/h9-10,18-19,21,23-25,28H,6-8,11-17H2,1-5H3"
7.05,7.461,"InChI=1S/C27H44O2/c1-17(2)7-6-8-18(3)21-9-10-22-25-23(12-14-27(21,22)5)26(4)13-11-20(28)15-19(26)16-24(25)29/h15,17-18,21-25,29H,6-14,16H2,1-5H3"
6.113,5.74,"InChI=1S/C27H45NO4/c1-5-6-7-8-9-10-11-12-13-14-15-16-17-18-19-20-21-22-27(31)32-25(23-26(29)30)24-28(2,3)4/h9-10,12-13,15-16,18-19,25H,5-8,11,14,17,20-24H2,1-4H3"
1.791,1.273,"InChI=1S/C2H8NO2PS/c1-5-6(3,4)7-2/h1-2H3,(H2,3,4)"
0.568,0.681,"InChI=1S/C2H8NO3P/c3-1-2-7(4,5)6/h1-3H2,(H2,4,5,6)"
7.361,7.534,"InChI=1S/C35H52O4/c1-11-13-29(36)35-31(38)28(18-16-25(6)7)30(37)34(32(35)39,21-19-26(8)9)22-27(17-15-24(4)5)33(35,10)20-12-14-23(2)3/h14-16,19,27,37H,11-13,17-18,20-22H2,1-10H3"
6.172,5.162,"InChI=1S/C41H65NO10/c1-10-26-12-11-13-34(52-36-17-16-33(42(5)6)23(3)48-36)22(2)37(44)32-20-30-28(31(32)21-35(43)50-26)15-14-25-18-27(19-29(25)30)51-41-40(47-9)39(46-8)38(45-7)24(4)49-41/h14-15,20,22-31,33-34,36,38-41H,10-13,16-19,21H2,1-9H3"
2.48,1.683,"InChI=1S/C4H10NO3PS/c1-4(6)5-9(7,8-2)10-3/h1-3H3,(H,5,6,7)"
0.832,0.752,"InChI=1S/C4H4N2O2/c7-3-1-2-5-4(8)6-3/h1-2H,(H2,5,6,7,8)"
0.603,0.695,"InChI=1S/C4H5N3O/c5-3-1-2-6-4(8)7-3/h1-2H,(H3,5,6,7,8)"
4.996,4.211,"InChI=1S/C4H7Cl2O4P/c1-8-11(7,9-2)10-3-4(5)6/h3H,1-2H3"
0.635,0.68,"InChI=1S/C4H7N3O/c1-7-2-3(8)6-4(7)5/h2H2,1H3,(H2,5,6,8)"
4.01,3.301,"InChI=1S/C4H8Cl3O4P/c1-10-12(9,11-2)3(8)4(5,6)7/h3,8H,1-2H3"
0.619,0.695,"InChI=1S/C4H9N3O2/c1-7(4(5)6)2-3(8)9/h2H2,1H3,(H3,5,6)(H,8,9)"
0.596,0.698,"InChI=1S/C4H9NO2/c5-3-1-2-4(6)7/h1-3,5H2,(H,6,7)"
0.633,0.71,"InChI=1S/C4H9NO2S/c5-3(1-2-8)4(6)7/h3,8H,1-2,5H2,(H,6,7)"
0.65,0.697,"InChI=1S/C5H11NO2/c1-2-3-4(6)5(7)8/h4H,2-3,6H2,1H3,(H,7,8)"
0.65,0.697,"InChI=1S/C5H11NO2/c1-6(2,3)4-5(7)8/h4H2,1-3H3"
3.108,2.21,"InChI=1S/C5H12NO4PS/c1-6-5(7)4-12-11(8,9-2)10-3/h4H2,1-3H3,(H,6,7)"
0.607,0.685,"InChI=1S/C5H14NO4P/c1-6(2,3)4-5-10-11(7,8)9/h4-5H2,1-3H3,(H-,7,8,9)"
0.687,0.776,"InChI=1S/C5H4N2O4/c8-3-1-2(4(9)10)6-5(11)7-3/h1H,(H,9,10)(H2,6,7,8,11)"
0.816,0.739,"InChI=1S/C5H4N4O3/c10-3-1-2(7-4(11)6-1)8-5(12)9-3/h(H4,6,7,8,9,10,11,12)"
1.341,0.923,"InChI=1S/C5H5N5O/c6-5-9-3-2(4(11)10-5)7-1-8-3/h1H,(H4,6,7,8,9,10,11)"
0.7244999999999999,0.79,"InChI=1S/C5H6N2O4/c8-3-1-2(4(9)10)6-5(11)7-3/h2H,1H2,(H,9,10)(H2,6,7,8,11)"
1.124,0.924,"InChI=1S/C5H7NO3/c7-4-2-1-3(6-4)5(8)9/h3H,1-2H2,(H,6,7)(H,8,9)"
0.809,0.884,"InChI=1S/C5H8O5/c6-3(1-4(7)8)2-5(9)10/h3,6H,1-2H2,(H,7,8)(H,9,10)"
0.806,0.863,"InChI=1S/C5H8O5/c6-3(5(9)10)1-2-4(7)8/h3,6H,1-2H2,(H,7,8)(H,9,10)"
0.584,0.69,"InChI=1S/C5H9NO3/c7-3-1-4(5(8)9)6-2-3/h3-4,6-7H,1-2H2,(H,8,9)"
0.584,0.697,"InChI=1S/C5H9NO4/c1-6-3(5(9)10)2-4(7)8/h3,6H,2H2,1H3,(H,7,8)(H,9,10)"
1.95,1.023,"InChI=1S/C6H10O3/c1-6(8)2-3-9-5(7)4-6/h8H,2-4H2,1H3"
1.094,1.05,"InChI=1S/C6H10O5/c1-6(11,2-4(7)8)3-5(9)10/h11H,2-3H2,1H3,(H,7,8)(H,9,10)"
0.816,0.76,"InChI=1S/C6H11NO2/c8-6(9)5-3-1-2-4-7-5/h5,7H,1-4H2,(H,8,9)"
0.599,0.707,"InChI=1S/C6H11NO3/c8-4-1-2-5(6(9)10)7-3-4/h4-5,7-8H,1-3H2,(H,9,10)"
0.617,0.697,"InChI=1S/C6H11NO4/c1-7-4(6(10)11)2-3-5(8)9/h4,7H,2-3H2,1H3,(H,8,9)(H,10,11)"
0.617,0.697,"InChI=1S/C6H11NO4/c7-4(6(10)11)2-1-3-5(8)9/h4H,1-3,7H2,(H,8,9)(H,10,11)"
0.57,0.671,"InChI=1S/C6H12N2O4S2/c7-3(5(9)10)1-13-14-2-4(8)6(11)12/h3-4H,1-2,7-8H2,(H,9,10)(H,11,12)"
1.048,1.006,"InChI=1S/C6H12O4/c1-6(10,2-3-7)4-5(8)9/h7,10H,2-4H2,1H3,(H,8,9)"
0.575,0.676,"InChI=1S/C6H13NO6/c7-3(6(12)13)5(11)4(10)2(9)1-8/h2-5,8-11H,1,7H2,(H,12,13)"
0.486,0.565,"InChI=1S/C6H17N3/c7-3-1-5-9-6-2-4-8/h9H,1-8H2"
1.764,1.412,"InChI=1S/C6H4O5/c7-5(8)3-1-2-4(11-3)6(9)10/h1-2H,(H,7,8)(H,9,10)"
1.706,0.925,"InChI=1S/C6H5N5O/c7-6-10-4-3(5(12)11-6)8-1-2-9-4/h1-2H,(H3,7,9,10,11,12)"
1.078,0.795,"InChI=1S/C6H5NO2/c8-6(9)5-2-1-3-7-4-5/h1-4H,(H,8,9)"
1.092,0.812,"InChI=1S/C6H5NO2/c8-6(9)5-3-1-2-4-7-5/h1-4H,(H,8,9)"
1.177,0.895,"InChI=1S/C6H6N2O/c7-6(9)5-2-1-3-8-4-5/h1-4H,(H2,7,9)"
0.748,2.513,"InChI=1S/C6H6N2O2/c9-6(10)2-1-5-3-7-4-8-5/h1-4H,(H,7,8)(H,9,10)"
0.837,0.935,"InChI=1S/C6H7NO/c7-5-3-1-2-4-6(5)8/h1-4,8H,7H2"
0.764,0.974,"InChI=1S/C6H8O7/c7-3(8)1-6(13,5(11)12)2-4(9)10/h13H,1-2H2,(H,7,8)(H,9,10)(H,11,12)"
0.551,0.638,"InChI=1S/C6H9N3O2/c7-5(6(10)11)1-4-2-8-3-9-4/h2-3,5H,1,7H2,(H,8,9)(H,10,11)"
0.83,0.873,"InChI=1S/C6H9NO5/c1-3(8)7-4(6(11)12)2-5(9)10/h4H,2H2,1H3,(H,7,8)(H,9,10)(H,11,12)"
0.568,0.638,"InChI=1S/C7H11N3O2/c1-10-3-5(9-4-10)2-6(8)7(11)12/h3-4,6H,2,8H2,1H3,(H,11,12)"
3.198,1.989,"InChI=1S/C7H11NO3/c1-5(9)8-4-2-3-6(8)7(10)11/h6H,2-4H2,1H3,(H,10,11)"
4.579,3.381,"InChI=1S/C7H12N4O3S2/c1-4-16(13,14)7-10-9-6(15-7)11(3)5(12)8-2/h4H2,1-3H3,(H,8,12)"
0.638,0.755,"InChI=1S/C7H12O6/c8-3-1-7(13,6(11)12)2-4(9)5(3)10/h3-5,8-10,13H,1-2H2,(H,11,12)"
2.971,2.671,"InChI=1S/C7H13NO3/c1-3-5(2)7(11)8-4-6(9)10/h5H,3-4H2,1-2H3,(H,8,11)(H,9,10)"
3.215,2.635,"InChI=1S/C7H13NO3S/c1-5(9)8-6(7(10)11)3-4-12-2/h6H,3-4H2,1-2H3,(H,8,9)(H,10,11)"
4.846,3.698,"InChI=1S/C7H13O6P/c1-6(5-7(8)10-2)13-14(9,11-3)12-4/h5H,1-4H3"
0.551,0.663,"InChI=1S/C7H14N2O4/c8-4(6(10)11)2-1-3-5(9)7(12)13/h4-5H,1-3,8-9H2,(H,10,11)(H,12,13)"
0.568,0.672,"InChI=1S/C7H14N2O4S/c8-4(6(10)11)1-2-14-3-5(9)7(12)13/h4-5H,1-3,8-9H2,(H,10,11)(H,12,13)"
3.352,2.457,"InChI=1S/C7H14N4O3/c1-8-7(10-11(12)13)9-4-6-2-3-14-5-6/h6H,2-5H2,1H3,(H2,8,9,10)"
3.885,2.893,"InChI=1S/C7H14NO5P/c1-6(5-7(9)8-2)13-14(10,11-3)12-4/h5H,1-4H3,(H,8,9)"
0.788,0.695,"InChI=1S/C7H15NO2/c1-8(2,3)6-4-5-7(9)10/h4-6H2,1-3H3"
0.476,0.579,"InChI=1S/C7H19N3/c8-4-1-2-6-10-7-3-5-9/h10H,1-9H2"
2.969,1.966,"InChI=1S/C7H7NO2/c8-6-3-1-5(2-4-6)7(9)10/h1-4H,8H2,(H,9,10)"
2.969,1.966,"InChI=1S/C7H7NO2/c8-6-4-2-1-3-5(6)7(9)10/h1-4H,8H2,(H,9,10)"
3.729,3.187,"InChI=1S/C7H7NO2/c8-7(10)5-3-1-2-4-6(5)9/h1-4,9H,(H2,8,10)"
4.405,3.114,"InChI=1S/C8H10ClN5O3S/c1-12-4-17-5-13(8(12)11-14(15)16)3-6-2-10-7(9)18-6/h2H,3-5H2,1H3"
0.87,1.092,"InChI=1S/C8H11NO/c9-6-5-7-1-3-8(10)4-2-7/h1-4,10H,5-6,9H2"
0.87,1.092,"InChI=1S/C8H11NO/c9-6-8(10)7-4-2-1-3-5-7/h1-5,8,10H,6,9H2"
0.558,0.629,"InChI=1S/C8H12N2O2/c1-5-8(12)7(2-9)6(4-11)3-10-5/h3,11-12H,2,4,9H2,1H3"
4.84,3.138,"InChI=1S/C8H12O4/c9-7(10)5-3-1-2-4-6-8(11)12/h3,5H,1-2,4,6H2,(H,9,10)(H,11,12)"
0.814,0.752,"InChI=1S/C8H13NO6/c9-5(8(13)14)3-4-15-7(12)2-1-6(10)11/h5H,1-4,9H2,(H,10,11)(H,13,14)"
5.311,4.236,"InChI=1S/C8H14N4OS/c1-8(2,3)5-6(13)12(9)7(14-4)11-10-5/h9H2,1-4H3"
5.215,3.877,"InChI=1S/C8H15NOS2/c9-8(10)4-2-1-3-7-5-6-11-12-7/h7H,1-6H2,(H2,9,10)"
0.624,0.695,"InChI=1S/C8H16N2O3/c1-6(11)10-7(8(12)13)4-2-3-5-9/h7H,2-5,9H2,1H3,(H,10,11)(H,12,13)"
0.633,0.71,"InChI=1S/C8H16N2O4S2/c9-5(7(11)12)1-3-15-16-4-2-6(10)8(13)14/h5-6H,1-4,9-10H2,(H,11,12)(H,13,14)"
0.624,0.676,"InChI=1S/C8H18N4O2/c1-12(2)8(10)11-5-3-4-6(9)7(13)14/h6H,3-5,9H2,1-2H3,(H2,10,11)(H,13,14)"
4.668,3.294,"InChI=1S/C8H18NO4PS2/c1-7(8(10)9-2)15-5-6-16-14(11,12-3)13-4/h7H,5-6H2,1-4H3,(H,9,10)"
6.127,5.345,"InChI=1S/C8H19O2PS2/c1-4-7-12-11(9,10-6-3)13-8-5-2/h4-8H2,1-3H3"
2.485,1.017,"InChI=1S/C8H7NO3/c1-4-7(10)6-5(2-9-4)3-12-8(6)11/h2,10H,3H2,1H3"
2.175,0.962,"InChI=1S/C8H9NO4/c1-4-7(11)6(8(12)13)5(3-10)2-9-4/h2,10-11H,3H2,1H3,(H,12,13)"
5.357,4.631,"InChI=1S/C9H10Cl2N2O/c1-13(2)9(14)12-6-3-4-7(10)8(11)5-6/h3-5H,1-2H3,(H,12,14)"
5.623,5.087,"InChI=1S/C9H10Cl2N2O2/c1-13(15-2)9(14)12-6-3-4-7(10)8(11)5-6/h3-5H,1-2H3,(H,12,14)"
5.816,4.186,"InChI=1S/C9H10ClN2O5PS/c1-15-18(14,16-2)19-5-12-8-7(17-9(12)13)3-6(10)4-11-8/h3-4H,5H2,1-2H3"
4.865,3.461,"InChI=1S/C9H10ClN5O2/c10-8-2-1-7(5-12-8)6-14-4-3-11-9(14)13-15(16)17/h1-2,5H,3-4,6H2,(H,11,13)"
3.858,2.929,"InChI=1S/C9H10N2/c1-6-3-8-9(4-7(6)2)11-5-10-8/h3-5H,1-2H3,(H,10,11)"
2.182,1.825,"InChI=1S/C9H10N2O5/c10-6(9(13)14)3-5-1-2-8(12)7(4-5)11(15)16/h1-2,4,6,12H,3,10H2,(H,13,14)"
6.068,5.464,"InChI=1S/C9H10O3/c10-8-4-2-1-3-7(8)5-6-9(11)12/h1-4,10H,5-6H2,(H,11,12)"
5.399,4.739,"InChI=1S/C9H11BrN2O2/c1-12(14-2)9(13)11-8-5-3-7(10)4-6-8/h3-6H,1-2H3,(H,11,13)"
6.535,5.954,"InChI=1S/C9H11Cl2O3PS/c1-6-4-7(10)9(8(11)5-6)14-15(16,12-2)13-3/h4-5H,1-3H3"
6.75,6.377,"InChI=1S/C9H11Cl3NO3PS/c1-3-14-17(18,15-4-2)16-9-7(11)5-6(10)8(12)13-9/h5H,3-4H2,1-2H3"
1.865,2.458,"InChI=1S/C9H11NO2/c10-8(9(11)12)6-7-4-2-1-3-5-7/h1-5,8H,6,10H2,(H,11,12)"
0.64,0.685,"InChI=1S/C9H12N3O7P/c10-5-1-2-12(9(14)11-5)8-7-6(4(3-13)17-8)18-20(15,16)19-7/h1-2,4,6-8,13H,3H2,(H,15,16)(H2,10,11,14)"
0.635,0.705,"InChI=1S/C9H13N3O5/c10-5-1-2-12(9(16)11-5)8-7(15)6(14)4(3-13)17-8/h1-2,4,6-8,13-15H,3H2,(H2,10,11,16)"
2.838,1.424,"InChI=1S/C9H13NO3S/c1-2-3-6-10-7-4-5-9(8-10)14(11,12)13/h4-5,7-8H,2-3,6H2,1H3"
0.635,0.714,"InChI=1S/C9H14N3O7P/c10-7-1-2-12(9(14)11-7)8-3-5(13)6(19-8)4-18-20(15,16)17/h1-2,5-6,8,13H,3-4H2,(H2,10,11,14)(H2,15,16,17)"
0.607,0.69,"InChI=1S/C9H14N3O8P/c10-5-1-2-12(9(15)11-5)8-7(14)6(13)4(20-8)3-19-21(16,17)18/h1-2,4,6-8,13-14H,3H2,(H2,10,11,15)(H2,16,17,18)"
0.57,0.623,"InChI=1S/C9H14N4O3/c10-2-1-8(14)13-7(9(15)16)3-6-4-11-5-12-6/h4-5,7H,1-3,10H2,(H,11,12)(H,13,14)(H,15,16)"
5.967,4.394,"InChI=1S/C9H15N5O7S2/c1-14(22(4,16)17)23(18,19)13-9(15)12-8-10-6(20-2)5-7(11-8)21-3/h5H,1-4H3,(H2,10,11,12,13,15)"
6.076,5.446,"InChI=1S/C9H16ClN5/c1-4-11-8-12-7(10)13-9(14-8)15(5-2)6-3/h4-6H2,1-3H3,(H,11,12,13,14)"
5.287,3.971,"InChI=1S/C9H16N4OS/c1-9(2,3)6-11-12-8(15-6)13(5)7(14)10-4/h1-5H3,(H,10,14)"
6.108,5.304,"InChI=1S/C9H17NOS/c1-2-12-9(11)10-7-5-3-4-6-8-10/h2-8H2,1H3"
5.619,4.567,"InChI=1S/C9H18N2O2S/c1-9(2,3)7(6-14-5)11-13-8(12)10-4/h6H2,1-5H3,(H,10,12)"
5.744,4.562,"InChI=1S/C9H18NO3PS2/c1-4-8(3)16-14(12,13-5-2)10-6-7-15-9(10)11/h8H,4-7H2,1-3H3"
2.831,2.381,"InChI=1S/C9H20N2O2/c1-4-8-13-9(12)10-6-5-7-11(2)3/h4-8H2,1-3H3,(H,10,12)"
6.799,6.377,"InChI=1S/C9H22O4P2S4/c1-5-10-14(16,11-6-2)18-9-19-15(17,12-7-3)13-8-4/h5-9H2,1-4H3"
3.6,3.143,"InChI=1S/C9H6F3N3O/c10-9(11,12)7-1-3-14-5-6(7)8(16)15-4-2-13/h1,3,5H,4H2,(H,15,16)"
5.996,3.621,"InChI=1S/C9H7N3S/c1-6-3-2-4-7-8(6)12-5-10-11-9(12)13-7/h2-5H,1H3"
4.449,3.609,"InChI=1S/C9H7NO/c11-6-7-5-10-9-4-2-1-3-8(7)9/h1-6,10H"
4.268,3.53,"InChI=1S/C9H7NO2/c11-9(12)7-5-10-8-4-2-1-3-6(7)8/h1-5,10H,(H,11,12)"
4.926,4.003,"InChI=1S/C9H8N4OS/c14-9(12-8-6-10-13-15-8)11-7-4-2-1-3-5-7/h1-6H,(H2,11,12,14)"
3.081,2.572,"InChI=1S/C9H8O3/c10-8(9(11)12)6-7-4-2-1-3-5-7/h1-5H,6H2,(H,11,12)"
3.756,2.926,"InChI=1S/C9H9I2NO3/c10-5-1-4(2-6(11)8(5)13)3-7(12)9(14)15/h1-2,7,13H,3,12H2,(H,14,15)"
3.504,2.585,"InChI=1S/C9H9N3O2/c1-14-9(13)12-8-10-6-4-2-3-5-7(6)11-8/h2-5H,1H3,(H2,10,11,12,13)"
3.65,2.934,"InChI=1S/C9H9NO3/c11-8(12)6-10-9(13)7-4-2-1-3-5-7/h1-5H,6H2,(H,10,13)(H,11,12)"
