rt_source,rt_target_predicted,ci_lower,ci_upper
2.34,0.599365920217698,0.397650784559323,0.8010810558760729
2.359279279279279,0.607371702879004,0.4057066019781277,0.8090368037798803
2.3785585585585585,0.6153762447952735,0.41375970340257945,0.8169927861879676
2.3978378378378378,0.6233783052214706,0.42180884613457736,0.8249477643083639
2.417117117117117,0.6313766434125591,0.4298527879998656,0.8329004988252525
2.4363963963963964,0.6393700186235022,0.437890287590911,0.8408497496560934
2.4556756756756757,0.647357190109264,0.44592010485759237,0.8487942753609355
2.474954954954955,0.6553369171248079,0.45394100128827497,0.8567328329613408
2.4942342342342343,0.663307957209794,0.4619517386368692,0.8646641757827187
2.513513513513513,0.6712687810210923,0.469950793777393,0.8725867682647916
2.5327927927927925,0.6792172532677295,0.4779360396227147,0.8804984669127444
2.5520720720720718,0.6871511617108085,0.48590527410618906,0.8883970493154278
2.571351351351351,0.6950682941114322,0.4938562971342779,0.8962802910885865
2.5906306306306304,0.7029664382307041,0.5017869105413271,0.9041459659200812
2.6099099099099097,0.7108434331790799,0.50969496921825,0.9119918971399099
2.629189189189189,0.7186976731789843,0.5175788845146636,0.9198164618433049
2.6484684684684683,0.7265278916808617,0.5254374079807764,0.927618375380947
2.6677477477477476,0.7343328269970707,0.5332692970166721,0.9353963569774693
2.687027027027027,0.7421112282648322,0.5410733203758884,0.943149136153776
2.706306306306306,0.7498623692418411,0.5488487709257976,0.9508759675578846
2.7255855855855855,0.7575862721771977,0.556595689277227,0.9585768550771683
2.744864864864865,0.7652830166993051,0.5643141731880521,0.9662518602105581
2.764144144144144,0.7729526824365663,0.572004320234258,0.9739010446388747
2.7834234234234234,0.7805953490173858,0.5796662278105692,0.9815244702242024
2.8027027027027027,0.7882110960701667,0.5872999931311002,0.9891221990092333
2.821981981981982,0.795800003223312,0.5949057132300339,0.9966942932165901
2.841261261261261,0.8033621501052254,0.6024834849623253,1.0042408152481255
2.8605405405405406,0.8108976163443105,0.6100334050044267,1.0117618276841942
2.8798198198198195,0.8184064815689707,0.6175555698550362,1.019257393282905
2.8990990990990992,0.8258888254076078,0.6250500758358677,1.0267275749793479
2.918378378378378,0.8333447274886276,0.6325170190924496,1.0341724358848057
2.9376576576576574,0.8407742674404337,0.6399564955949331,1.0415920392859344
2.9569369369369367,0.8481775248914286,0.6473686011389281,1.048986448643929
2.976216216216216,0.8555545794700141,0.654753431346359,1.0563557275936692
2.9954954954954953,0.862905510804595,0.6621110816663418,1.0636999399428482
3.0147747747747746,0.8702303985235759,0.6694416473760751,1.0710191496710766
3.034054054054054,0.8775293222553594,0.6767452235817497,1.078313420928969
3.0533333333333332,0.8848023616283479,0.6840219052194795,1.0855828180372162
3.0726126126126125,0.8920495962709448,0.691271787056249,1.0928274054856406
3.091891891891892,0.899271105811556,0.6984949636908782,1.1000472479322339
3.111171171171171,0.9064669698785831,0.705691529554995,1.1072424102021712
3.1304504504504505,0.9136372681004314,0.712861578914038,1.1144129572868249
3.1497297297297298,0.9207820801055008,0.7200052058682564,1.121558954342745
3.169009009009009,0.9279014855221959,0.7271225043537454,1.1286804666906463
3.1882882882882884,0.9349955639789206,0.7342135681434782,1.1357775598143631
3.2075675675675672,0.942064395104082,0.7412784908483616,1.1428502993598024
3.226846846846847,0.9491080585260789,0.7483173659182898,1.149898751133868
3.246126126126126,0.9561266338733136,0.7553302866432323,1.156922981103395
3.2654054054054056,0.963120200774193,0.7623173461543248,1.1639230553940614
3.2846846846846844,0.97008883885712,0.7692786374249607,1.1708990402892794
3.3039639639639637,0.9770326277504984,0.7762142532719079,1.177851002229089
3.323243243243243,0.9839516470827296,0.7831242863564274,1.184779007809032
3.3425225225225224,0.990845976482216,0.7900088291854089,1.1916831237790229
3.3618018018018017,0.9977156955773674,0.7968679741125195,1.1985634170422153
3.381081081081081,1.0045608839965834,0.8037018133393361,1.2054199546538307
3.4003603603603603,1.0113816213682643,0.8105104389165175,1.212252803820011
3.4196396396396396,1.0181779873208172,0.8172939427449777,1.2190620318966567
3.438918918918919,1.0249500614826434,0.8240524165770498,1.2258477063882371
3.458198198198198,1.0316979234821468,0.8307859520176772,1.2326098949466164
3.4774774774774775,1.0384216529477375,0.8374946405256096,1.2393486653698653
3.4967567567567563,1.0451213295078077,0.8441785734145739,1.2460640856010414
3.516036036036036,1.051797032790768,0.8508378418545162,1.2527562237270198
3.535315315315315,1.0584488424250182,0.8574725368727809,1.2594251479772556
3.5545945945945947,1.0650768380389628,0.8640827493553414,1.2660709267225843
3.5738738738738736,1.0716810992610102,0.87066857004802,1.2726936284740002
3.5931531531531533,1.0782617057195567,0.8772300895576969,1.2792933218814166
3.612432432432432,1.0848187370430065,0.8837673983535586,1.2858700757324544
3.631711711711712,1.0913522728597702,0.8902805867683314,1.292423958951209
3.650990990990991,1.097862392798248,0.8967697449995007,1.2989550405969954
3.67027027027027,1.104349176486833,0.9032349631105557,1.3054633898631103
3.6895495495495494,1.1108127035539441,0.9096763310322659,1.3119490760756223
3.7088288288288287,1.117253053627977,0.9160939385638776,1.3184121686920764
3.728108108108108,1.1236703063373334,0.9224878753743937,1.3248527373002732
3.7473873873873873,1.1300645413104191,0.9288582310038214,1.3312708516170169
3.7666666666666666,1.1364358381756412,0.9352050948644229,1.3376665814868594
3.785945945945946,1.142784276561396,0.9415285562419579,1.344039996880834
3.805225225225225,1.149109936096093,0.947828704296962,1.350391167895224
3.8245045045045045,1.1554128964081296,0.9541056280659796,1.3567201647502796
3.843783783783784,1.161693237125917,0.9603594164628457,1.3630270577889882
3.8630630630630627,1.1679510378778535,0.9665901582799173,1.3693119174757897
3.8823423423423424,1.1741863782923383,0.972797942189345,1.3755748143953317
3.9016216216216213,1.1803993379977873,0.9789828567443462,1.3818158192512284
3.920900900900901,1.1865899966225955,0.9851449903804244,1.3880350028647666
3.94018018018018,1.1927584337951664,0.9912844314166561,1.3942324361736766
3.9594594594594597,1.198904729143905,0.9974012680569386,1.4004081902308714
3.9787387387387385,1.2050289622972152,1.0034955883912426,1.4065623362031878
3.9980180180180183,1.2111312128834966,1.0095674803968615,1.4126949453701316
4.017297297297297,1.2172115605311564,1.015617031939676,1.4188060891226368
4.036576576576577,1.2232700848685985,1.0216443307753922,1.4248958389618047
4.055855855855856,1.2293068655242188,1.027649464550785,1.4309642664976525
4.075135135135135,1.235321982126439,1.0336325208049784,1.4370114434478996
4.094414414414414,1.2413155143036467,1.0395935869706276,1.4430374416366658
4.113693693693694,1.2472875416842455,1.0455327503752105,1.4490423329932804
4.132972972972973,1.2532381438966413,1.051450098242252,1.4550261895510306
4.152252252252252,1.25916740056924,1.0573457176925563,1.4609890834459236
4.1715315315315316,1.2650753913304429,1.0632196957454336,1.4669310869154522
4.190810810810811,1.270962195808655,1.069072119319938,1.472852272297372
4.21009009009009,1.276827893632282,1.0749030752360877,1.4787527120284765
4.229369369369369,1.2826725644297237,1.0807126502160807,1.4846324786433667
4.248648648648649,1.2884962878293826,1.0865009308855205,1.4904916447732448
4.267927927927928,1.2942991434596605,1.092268003774625,1.4963302831446958
4.287207207207207,1.3000812109489674,1.0980139553194466,1.5021484665784883
4.306486486486486,1.3058425699257064,1.1037388718630585,1.5079462679883542
4.325765765765766,1.3115833000182768,1.1094428396567622,1.5137237603797915
4.345045045045045,1.3173034808550819,1.115125944861287,1.5194810168488768
4.364324324324324,1.3230031920645229,1.1207882735479775,1.5252181105810683
4.3836036036036035,1.3286825132750104,1.12642991169999,1.5309351148500308
4.402882882882883,1.334341524114946,1.132050945213455,1.5366321030164372
4.422162162162162,1.3399803042127272,1.1376514598986585,1.542309148526796
4.441441441441441,1.345598933196763,1.143231541481228,1.5479663249122981
4.460720720720721,1.3511974906954571,1.1487912756032796,1.5536037057876346
4.48,1.3567760563372075,1.1543307478245801,1.559221364849835
4.499279279279279,1.3623347097504241,1.1598500436237158,1.5648193758771325
4.518558558558558,1.3678735305635068,1.16534924839922,1.5703978127277936
4.537837837837838,1.3733925984048565,1.170828447470727,1.575956749338986
4.557117117117118,1.3788919929028836,1.176287726080116,1.5814962597256512
4.5763963963963965,1.3843717936859914,1.1817271693926263,1.5870164179793564
4.595675675675675,1.389832080382573,1.1871468624979775,1.5925172982671685
4.614954954954955,1.3952729326210416,1.1925468904115184,1.5979989748305647
4.634234234234234,1.4006944300298017,1.1979273380753104,1.603461521984293
4.653513513513513,1.40609665223724,1.2032882903592226,1.6089050141152574
4.672792792792793,1.4114796788717847,1.2086298320620916,1.6143295256814778
4.692072072072072,1.4168435895618243,1.2139520479127315,1.6197351312109172
4.711351351351351,1.4221884639357671,1.2192550225710799,1.6251219053004544
4.73063063063063,1.427514381622013,1.2245388406292483,1.6304899226147778
4.74990990990991,1.4328214222489655,1.2298035866126058,1.6358392578853251
4.7691891891891895,1.4381096654450298,1.2350493449808442,1.6411699859092155
4.788468468468468,1.4433791908386069,1.240276200129029,1.6464821815481847
4.807747747747747,1.448630078058103,1.2454842363886605,1.6517759197275454
4.827027027027027,1.4538624067319217,1.2506735380287113,1.657051275435132
4.846306306306307,1.4590762564884712,1.2558441892566696,1.6623083237202727
4.865585585585586,1.464271706956148,1.2609962742195533,1.6675471396927426
4.8848648648648645,1.469448837763349,1.2661298770049458,1.6727677985217522
4.904144144144144,1.4746077285384847,1.2712450816420235,1.6779703754349458
4.923423423423424,1.4797484589099787,1.2763419721025646,1.6831549457173929
4.942702702702703,1.4848711085061945,1.2814206323018755,1.6883215847105135
4.961981981981982,1.4899757569555616,1.286481146099912,1.6934703678112113
4.9812612612612615,1.4950624838864814,1.2915235973021697,1.6986013704707932
5.00054054054054,1.5001313689273459,1.2965480696606817,1.70371466819401
5.019819819819819,1.5051824917065735,1.301554646875025,1.708810336538122
5.039099099099099,1.5102159318525634,1.3065434125932385,1.7138884511118884
5.058378378378379,1.515231768993714,1.3115144504127967,1.7189490875746314
5.0776576576576575,1.5202300827584276,1.3164678438815618,1.7239923216352935
5.096936936936936,1.5252109527751117,1.321403676498727,1.7290182290514964
5.116216216216216,1.5301744586721722,1.3263220317157394,1.734026885628605
5.135495495495496,1.5351206800780042,1.3312229929372181,1.7390183672187902
5.154774774774775,1.540049696621028,1.3361066435219053,1.7439927497201506
5.174054054054054,1.5449615879296243,1.3409730667835116,1.7489501090757371
5.193333333333333,1.5498564336322072,1.3458223459916887,1.7538905212727256
5.212612612612613,1.5547343133571816,1.3506545643728822,1.758814062341481
5.231891891891892,1.5595953067329573,1.3554698051112293,1.7637208083546854
5.251171171171171,1.5644394933879242,1.3602681513494117,1.7686108354264367
5.270450450450451,1.569266952950495,1.3650496861895685,1.7734842197114216
5.28972972972973,1.5740777650490667,1.3698144926941183,1.7783410374040152
5.309009009009009,1.5788720093120492,1.374562653886642,1.7831813647374564
5.328288288288288,1.583649765367839,1.3792942527527015,1.7880052779829765
5.347567567567568,1.5884111128448495,1.3840093722407072,1.7928128534489918
5.366846846846847,1.593156131371474,1.388708095262711,1.7976041674802368
5.3861261261261255,1.5978849005761118,1.3933905046952537,1.8023792964569698
5.405405405405405,1.6025975000871893,1.3980566833801982,1.8071383167941804
5.424684684684685,1.6072940095330908,1.4027067141254665,1.811881304940715
5.443963963963964,1.6119745085422166,1.4073406797058954,1.8166083373785378
5.463243243243243,1.6166390767429906,1.411958662864031,1.82131949062195
5.4825225225225225,1.621287793763796,1.4165607463108478,1.826014841216744
5.501801801801802,1.6259207392330373,1.421147012726581,1.8306944657394935
5.521081081081081,1.6305379927791286,1.4257175447614807,1.8353584407967765
5.54036036036036,1.6351396340304716,1.4302724250365462,1.840006843024397
5.55963963963964,1.639725742615466,1.4348117361442843,1.844639749086648
5.5789189189189194,1.644296398162511,1.439335560649451,1.849257235675571
5.598198198198198,1.648851680300018,1.4438439810897963,1.8538593795102396
5.617477477477477,1.6533916686563919,1.4483370799767699,1.8584462573360139
5.636756756756757,1.6579164428600244,1.452814939796228,1.8630179459238208
5.656036036036037,1.6624260825393338,1.4572776430091838,1.8675745220694837
5.6753153153153155,1.6669206673227155,1.4617252720524543,1.8721160625929767
5.694594594594594,1.6714002768385663,1.4661579093393773,1.8766426443377553
5.713873873873874,1.6758649907153016,1.4705756372605114,1.8811543441700918
5.733153153153153,1.6803148885813195,1.474978538184275,1.885651238978364
5.752432432432432,1.6847500500650312,1.4793666944576431,1.8901334056724193
5.771711711711712,1.6891705547948188,1.483740188406763,1.8946009211828747
5.790990990990991,1.693576482399108,1.4880991023376786,1.8990538624605373
5.81027027027027,1.697967912506297,1.4924435185369007,1.9034923064756932
5.829549549549549,1.702344924744784,1.4967735192720684,1.9079163302174995
5.848828828828829,1.7067075987429747,1.5010891867925835,1.912326010693366
5.868108108108109,1.7110560141292706,1.5053906033302147,1.9167214249283264
5.887387387387387,1.715390250532076,1.509677851099716,1.921102649964436
5.906666666666666,1.719710387579802,1.5139510122994313,1.925469762860173
5.925945945945946,1.7240165049008394,1.5182101691118606,1.9298228406898181
5.945225225225226,1.7283086821236044,1.5224554037042917,1.9341619605429172
5.964504504504505,1.7325869988764877,1.5266867982293248,1.9384871995236506
5.9837837837837835,1.7368515347878994,1.5309044348254885,1.9427986347503103
6.003063063063063,1.7411023694862529,1.535108395617783,1.9470963433547228
6.022342342342343,1.7453395825999272,1.5392987627181955,1.9513804024816588
6.041621621621622,1.7495632537573447,1.543475618226324,1.9556508892883653
6.060900900900901,1.753773462586904,1.5476390442298444,1.9599078809439634
6.0801801801801805,1.7579702887170074,1.5517891228050695,1.9641514546289454
6.099459459459459,1.7621538117760636,1.5559259360174695,1.9683816875346576
6.118738738738738,1.7663241113924668,1.560049565922166,1.9725986568627676
6.138018018018018,1.770481267194628,1.5641600945644656,1.9768024398247903
6.157297297297298,1.774625358810937,1.5682576039803204,1.9809931136415537
6.1765765765765765,1.778756465869824,1.5723421761968766,1.9851707555427716
6.195855855855855,1.7828746679996696,1.5764138932328657,1.9893354427664736
6.215135135135135,1.78698004482889,1.5804728370991616,1.9934872525586183
6.234414414414415,1.7910726759858742,1.5845190897991834,1.997626262172565
6.253693693693694,1.7951526410990386,1.5885527333294054,2.001752548868672
6.272972972972973,1.7992200197967818,1.5925738496797606,2.005866189913803
6.292252252252252,1.8032748917074983,1.5965825208340956,2.009967262580901
6.311531531531532,1.8073173364596236,1.6005788287706482,2.014055844148599
6.330810810810811,1.8113474336815192,1.6045628554623577,2.018132011900681
6.35009009009009,1.8153652630016202,1.6085346828774276,2.0221958431258127
6.36936936936937,1.8193709040483075,1.6124943929796092,2.026247415117006
6.3886486486486485,1.823364436450003,1.6164420677286968,2.0302868051713094
6.407927927927928,1.8273459398350895,1.62037778908084,2.034314090589339
6.427207207207207,1.8313154938319909,1.624301638989011,2.0383293486749707
6.446486486486487,1.8352731780691016,1.6282136994033114,2.042332656734892
6.465765765765766,1.8392190721748305,1.632114052271384,2.046324092078277
6.485045045045045,1.84315325577758,1.6360027795387566,2.0503037320164035
6.504324324324324,1.8470758085057435,1.6398799631491912,2.054271653862296
6.523603603603604,1.8509868099877291,1.6437456850450562,2.058227934930402
6.542882882882883,1.8548863398519455,1.6476000271676494,2.0621726525362414
6.562162162162163,1.8587744777267865,1.6514430714575141,2.066105883996059
6.5814414414414415,1.8626513032406748,1.6552748998548057,2.070027706626544
6.60072072072072,1.8665168960219862,1.659095594299532,2.0739381977444404
6.62,1.8703713356991558,1.6629052367319663,2.0778374346663453
6.639279279279279,1.8742147019005584,1.6667039090928286,2.081725494708288
6.658558558558559,1.878047074254611,1.6704916933236795,2.0856024551855423
6.677837837837838,1.881868532389709,1.6742686713671426,2.0894683934122753
6.697117117117117,1.8856791559342643,1.6780349251672182,2.0933233867013104
6.716396396396396,1.889479024516683,1.681790536669531,2.097167512363835
6.735675675675676,1.8932682177653621,1.685535587821589,2.1010008477091353
6.754954954954955,1.8970468153087092,1.6892701605730567,2.1048234700443618
6.7742342342342345,1.9008148967751195,1.6929943368759792,2.1086354566742598
6.793513513513513,1.9045725417930042,1.6967081986850499,2.1124368849009585
6.812792792792793,1.9083198299907673,1.7004118279578178,2.116227832023717
6.832072072072072,1.9120568409968037,1.7041053066549112,2.1200083753386965
6.851351351351352,1.9157836544395233,1.707788716740276,2.1237785921387706
6.870630630630631,1.9195003499473327,1.7114621401813688,2.1275385597132965
6.88990990990991,1.9232070071486291,1.7151256589493504,2.131288355347908
6.909189189189189,1.926903705671818,1.718779355019298,2.135028056324338
6.928468468468468,1.9305905251453044,1.7224233103703837,2.138757739920225
6.947747747747748,1.9342675451974907,1.7260576069860496,2.142477483408932
6.967027027027027,1.93793484545678,1.729682326854185,2.146187364059375
6.9863063063063064,1.941592505551576,1.7332975519672884,2.1498874591358637
7.005585585585585,1.9452406051102853,1.7369033643226284,2.153577845897942
7.024864864864865,1.948879223761293,1.7404998459223666,2.1572586016002195
7.044144144144144,1.9525084411330351,1.7440870787737743,2.160929803492296
7.063423423423424,1.9561283368538913,1.7476651448892582,2.1645915288185242
7.0827027027027025,1.9597389905522695,1.7512341262865732,2.168243854817966
7.101981981981982,1.963340481856578,1.7547941049889137,2.171886858724242
7.121261261261261,1.9669328903952081,1.7583451630250102,2.175520617765406
7.140540540540541,1.9705162957965812,1.76188738242928,2.1791452091638823
7.15981981981982,1.974090777689087,1.765420845241865,2.182760710136309
7.1790990990990995,1.9776564157011403,1.768945633508778,2.1863671978935026
7.198378378378378,1.9812132894611283,1.7724618292819354,2.189964749640321
7.217657657657658,1.9847614785974732,1.775969514619293,2.193553442575653
7.236936936936937,1.9883010627385618,1.7794687715848485,2.197133353892275
7.256216216216217,1.9918321215128065,1.7829596822487606,2.2007045607768525
7.275495495495496,1.9953547345486076,1.7864423286873683,2.204267140409847
7.294774774774774,1.9988689814743716,1.789916792983256,2.207821169965487
7.314054054054054,2.0023749419184984,1.7933831572252807,2.211366726611716
7.333333333333333,2.0058726955094004,1.7968415035086243,2.2149038875101765
7.352612612612613,2.0093623218754773,1.800291913934794,2.218432729816161
7.371891891891892,2.0128439006451195,1.8037344706116452,2.221953330678594
7.391171171171171,2.0163175114467413,1.8071692556534256,2.225465767240057
7.41045045045045,2.019783233908745,1.8105963511807441,2.228970116636746
7.42972972972973,2.023241147659542,1.8140158393205896,2.2324664559984946
7.449009009009009,2.0266913323275175,1.8174278022062853,2.2359548624487497
7.468288288288289,2.030133867541091,1.8208323219775335,2.239435413104649
7.4875675675675675,2.033568832928655,1.8242294807803288,2.2429081850769816
7.506846846846847,2.0369963081186273,1.827619360766981,2.2463732554702736
7.526126126126126,2.0404163727393962,1.8310020440960224,2.24983070138277
7.545405405405406,2.043829106419373,1.8343776129322138,2.253280599906532
7.564684684684685,2.0472345887869623,1.8377461494464644,2.2567230281274604
7.583963963963964,2.050632899470559,1.8411077358157688,2.2601580631253495
7.603243243243243,2.054024118098573,1.8444624542231658,2.2635857819739806
7.622522522522523,2.057408324299404,1.8478103868576399,2.2670062617411677
7.641801801801802,2.0607855977014666,1.8511516159140686,2.2704195794888644
7.661081081081081,2.064156017933151,1.8544862235930921,2.27382581227321
7.6803603603603605,2.0675196646228597,1.8578142921010592,2.2772250371446603
7.699639639639639,2.0708766173990103,1.8611359036499282,2.2806173311480924
7.718918918918919,2.074226955889998,1.8644511404571207,2.2840027713228754
7.738198198198198,2.0775707597242246,1.867760084745437,2.287381434703012
7.757477477477478,2.0809081085300902,1.8710628187429257,2.2907533983172548
7.776756756756757,2.084239081936012,1.874359424682773,2.294118739189251
7.796036036036036,2.0875637595703775,1.8776499848031216,2.2974775343376335
7.815315315315315,2.0908822210615985,1.8809345813469802,2.3008298607762168
7.834594594594595,2.094194546038071,1.8842132965620362,2.304175795514106
7.853873873873874,2.0975008141282108,1.8874862127005334,2.307515415555888
7.873153153153154,2.100801104960415,1.8907534120190712,2.310848797901759
7.892432432432432,2.104095498163087,1.8940149767784575,2.314176019547716
7.911711711711712,2.1073840733646385,1.8972709892435378,2.3174971574857395
7.930990990990991,2.110666910193456,1.900521531682972,2.32081228870394
7.950270270270271,2.1139440882779503,1.9037666863690983,2.3241214901868026
7.96954954954955,2.1172156872465275,1.9070065355777035,2.3274248389153516
7.9888288288288285,2.120481786727588,1.9102411615878183,2.3307224118673573
8.008108108108107,2.1237424663495426,1.9134706466815232,2.334014286017562
8.027387387387387,2.1269978057407775,1.9166950731436925,2.3373005383378622
8.046666666666667,2.1302478845297177,1.919914523261835,2.3405812457976003
8.065945945945945,2.1334927823447623,1.9231290793257965,2.343856485363728
8.085225225225226,2.136732578814305,1.9263388236275407,2.347126334001069
8.104504504504504,2.13996735356675,1.9295438384609214,2.3503908686725787
8.123783783783784,2.1431971862305095,1.9327442061214244,2.3536501663395946
8.143063063063064,2.146422156433969,1.9359400089058767,2.356904303962062
8.162342342342342,2.149642343805548,1.9391313291122376,2.3601533584988585
8.181621621621622,2.152857827973655,1.9423182490392839,2.363397406908026
8.200900900900901,2.156068688566682,1.9455008509863223,2.366636526147042
8.22018018018018,2.159275005213032,1.9486792172529293,2.3698707931731344
8.23945945945946,2.162476857541111,1.951853430138653,2.3731002849435687
8.258738738738739,2.1656743251793253,1.9550235719427056,2.3763250784159453
8.278018018018019,2.1688674877560823,1.958189724963659,2.3795452505485053
8.297297297297298,2.172056424899769,1.96135197149911,2.382760878300428
8.316576576576576,2.1752412162388044,1.964510393845408,2.3859720386322008
8.335855855855856,2.178421941401583,1.9676650742972748,2.3891788085058914
8.355135135135136,2.1815986800165157,1.9708160951475069,2.3923812648855245
8.374414414414414,2.1847715117119986,1.9739635386866043,2.3955794847373926
8.393693693693693,2.1879405161164405,1.9771074872024494,2.3987735450304317
8.412972972972973,2.1911057728582444,1.9802480229799317,2.401963522736557
8.432252252252251,2.1942673615658084,1.983385228300587,2.4051494948310297
8.451531531531533,2.197425361867544,1.9865191854422461,2.408331538292842
8.47081081081081,2.2005798533918544,1.9896499766786369,2.4115097301050716
8.49009009009009,2.2037309157671348,1.9927776842790006,2.414684147255269
8.50936936936937,2.2068786286217885,1.9959023905077184,2.4178548667358584
8.528648648648648,2.210023071584227,1.9990241776239142,2.42102196554454
8.547927927927928,2.2131643242828525,2.002143127881032,2.4241855206846727
8.567207207207208,2.2163024663460553,2.0052593235264244,2.427345609165686
8.586486486486486,2.219437577402263,2.008372846800981,2.430502308003545
8.605765765765767,2.222569737079862,2.011483779938626,2.4336556942210983
8.625045045045045,2.225699025007261,2.014592205165949,2.4368058448485725
8.644324324324325,2.2288255208128587,2.017698204701736,2.439952836923981
8.663603603603605,2.2319493041250564,2.020801860756532,2.443096747493581
8.682882882882883,2.235070454572276,2.023903255532208,2.4462376536123442
8.702162162162162,2.2381890517828924,2.027002471221432,2.4493756323443527
8.721441441441442,2.241305175385333,2.0300995900073033,2.4525107607633627
8.74072072072072,2.244418905007993,2.0331946940627894,2.4556431159531966
8.76,2.247530320279274,2.036287865550287,2.458772775008261
8.77927927927928,2.2506395008275852,2.0393791866211317,2.4618998150340388
8.798558558558558,2.2537465262813137,2.0424687394150736,2.4650243131475538
8.817837837837839,2.256851476268884,2.045556606059833,2.468146346477935
8.837117117117117,2.25995443041869,2.0486428686705227,2.4712659921668574
8.856396396396397,2.2630554683591377,2.0517276093491725,2.474383327369103
8.875675675675677,2.266154669718624,2.054810910184184,2.477498429253064
8.894954954954954,2.269252114125549,2.05789285324981,2.4806113750012875
8.914234234234234,2.2723478812083355,2.0609735206056365,2.4837222418110345
8.933513513513514,2.2754420505953754,2.064052994295979,2.4868311068947717
8.952792792792792,2.2785347019150692,2.0671313563493725,2.489938047480766
8.972072072072073,2.281625914795824,2.0702086887780045,2.4930431408136435
8.991351351351351,2.2847157688660356,2.0732850735771295,2.4961464641549416
9.010630630630631,2.2878043437541176,2.076360592724524,2.4992480947837112
9.029909909909911,2.2908917190884788,2.079435328179877,2.5023481099970803
9.049189189189189,2.293977974497509,2.0825093618841883,2.5054465871108293
9.068468468468469,2.2970631896096108,2.0855827757591987,2.508543603460023
9.087747747747748,2.3001474440531986,2.088655651706785,2.511639236399612
9.107027027027026,2.3032308174566767,2.0917280716083244,2.514733563305029
9.126306306306306,2.3063133894484387,2.0948001173240716,2.5178266615728058
9.145585585585586,2.3093952396568866,2.0978718706925505,2.5209186086212227
9.164864864864864,2.312476447710432,2.1009434135299183,2.5240094818909458
9.184144144144145,2.315557093237473,2.1040148276292987,2.527099358845647
9.203423423423423,2.3186372558664172,2.107086194760154,2.5301883169726804
9.222702702702703,2.3217170152256688,2.11015759666761,2.5332764337837275
9.241981981981983,2.3247964509436287,2.113229115071793,2.5363637868154645
9.26126126126126,2.3278756426486935,2.116300831667149,2.539450453630238
9.28054054054054,2.330954669969272,2.119372828121782,2.5425365118167615
9.29981981981982,2.3340336125337804,2.122445186076755,2.545622038990806
9.319099099099098,2.337112549970601,2.12551798714535,2.548707112795852
9.33837837837838,2.340191561908154,2.1285913129124374,2.551791810903871
9.357657657657658,2.3432707279748306,2.131665244933689,2.5548762110159724
9.376936936936938,2.3463501277990435,2.1347398647349087,2.5579603908631783
9.396216216216217,2.3494298410091923,2.1378152538112674,2.561044428207117
9.415495495495495,2.3525099472336812,2.1408914936265795,2.564128400840783
9.434774774774775,2.355590526100904,2.1439686656125447,2.5672123865892633
9.454054054054055,2.358671657239283,2.147046851168027,2.570296463310539
9.473333333333333,2.3617534202772057,2.1501261316582325,2.573380708896179
9.492612612612612,2.3648358948430785,2.1532065884139873,2.57646520127217
9.511891891891892,2.367919160565318,2.1562883027309514,2.5795500183996847
9.53117117117117,2.3710032970723027,2.159371355868781,2.5826352382758246
9.550450450450452,2.374088383992461,2.1624558290504194,2.5857209389345024
9.56972972972973,2.377174500954185,2.1655418034612066,2.5888071984471632
9.58900900900901,2.3802617275858786,2.168629360248112,2.5918940949236453
9.60828828828829,2.383350143515951,2.171718580518905,2.594981706512997
9.627567567567567,2.3864398283727954,2.174809545341305,2.5980701114042857
9.646846846846847,2.389530861784816,2.177902335742168,2.6011593878274644
9.666126126126127,2.3926233233804286,2.180997032706636,2.604249614054221
9.685405405405405,2.3957172927880173,2.1840937171772405,2.607340868398794
9.704684684684686,2.398812849636017,2.1871924700531165,2.6104332292189176
9.723963963963964,2.401910073552789,2.1902933721890037,2.6135267749165747
9.743243243243244,2.405009044166768,2.19339650439451,2.6166215839390263
9.762522522522524,2.4081098411063433,2.1965019474330996,2.619717734779587
9.781801801801802,2.411212543999927,2.199609782021261,2.622815305978593
9.801081081081081,2.4143172324759217,2.2027200888275607,2.6259143761242827
9.820360360360361,2.417423986162721,2.2058329484717265,2.6290150238537158
9.839639639639639,2.4205328846887357,2.208948441523744,2.6321173278537273
9.858918918918919,2.4236440076823693,2.212066648502893,2.635221366861846
9.878198198198199,2.4267574347720258,2.2151876498768073,2.6383272196672443
9.897477477477477,2.429873245586111,2.2183115260605217,2.6414349651117006
9.916756756756758,2.4329915197530187,2.2214383574154875,2.64454468209055
9.936036036036036,2.4361123369011657,2.224568224248635,2.6476564495536965
9.955315315315316,2.4392357766589483,2.2277012068113438,2.650770346506553
9.974594594594596,2.442361918654758,2.230837385298463,2.653886452011053
9.993873873873873,2.445490842517012,2.2339768398473376,2.6570048451866866
10.013153153153153,2.4486226278741148,2.2371196505367545,2.660125605211475
10.032432432432433,2.451757354354471,2.2402658973859335,2.663248811323008
10.051711711711711,2.45489510158648,2.2434156603534885,2.666374542819472
10.070990990990992,2.458035949198543,2.2465690193363854,2.6695028790607007
10.09027027027027,2.4611799768190665,2.2497260541689,2.672633899469233
10.109549549549548,2.464327264076449,2.2528868446215355,2.6757676835313626
10.12882882882883,2.467477890599101,2.25605147039997,2.6789043107982318
10.148108108108108,2.4706319360154163,2.2592200111439458,2.682043860886887
10.167387387387388,2.4737894799538083,2.2623925464262102,2.6851864134814063
10.186666666666667,2.4769506020426855,2.265569155751387,2.688332048333984
10.205945945945945,2.4801153819104265,2.2687499185548385,2.6914808452660144
10.225225225225225,2.4832838991854667,2.2719349142016254,2.694632884169308
10.244504504504505,2.4864562334961846,2.2751242219852608,2.6977882450071085
10.263783783783783,2.489632464470998,2.2783179211266575,2.7009470078153384
10.283063063063064,2.4928126717382963,2.2815160907729077,2.704109252703685
10.302342342342342,2.4959969349264983,2.2847188099961717,2.707275059856825
10.321621621621622,2.4991853336639966,2.287926157792447,2.7104445095355465
10.340900900900902,2.502377947579199,2.2911382130804196,2.7136176820779787
10.36018018018018,2.5055748563005147,2.2943550547002536,2.716794657900776
10.37945945945946,2.5087761394563404,2.2975767614123677,2.719975517500313
10.39873873873874,2.5119818766750766,2.30080341189623,2.723160341453923
10.418018018018019,2.515192147585131,2.304035084749132,2.72634921042113
10.437297297297297,2.5184070318149123,2.3072718584849374,2.729542205144887
10.456576576576577,2.5216266089928143,2.310513811532817,2.7327394064528114
10.475855855855857,2.5248509587472507,2.313761022236017,2.7359408952584845
10.495135135135135,2.528080160706609,2.317013568850537,2.739146752562681
10.514414414414414,2.531314294499303,2.3202715295438985,2.742357059454707
10.533693693693694,2.5345534397537346,2.3235349823938063,2.745571897113663
10.552972972972974,2.537797676098313,2.326804005386861,2.7487913468097656
10.572252252252252,2.541047083161436,2.3300786764172177,2.752015489905654
10.591531531531531,2.544301740571502,2.3333590732852696,2.755244407857734
10.610810810810811,2.547561727956932,2.336645273696325,2.758478182217539
10.630090090090091,2.550827124946106,2.339937355259188,2.761716894633024
10.649369369369369,2.554098011167446,2.3432353954848777,2.764960626850014
10.668648648648649,2.5573744662493456,2.3465394717851806,2.7682094607135106
10.687927927927928,2.5606565698202095,2.3498496614712985,2.7714634781691205
10.707207207207208,2.5639444015084436,2.3531660417524405,2.7747227612644467
10.726486486486486,2.5672380409424496,2.3564886897344035,2.7779873921504956
10.745765765765766,2.5705375677506273,2.359817682418152,2.7812574530831027
10.765045045045046,2.5738430615613934,2.3631530966983987,2.784533026424388
10.784324324324325,2.577154602003142,2.3664950093621213,2.787814194644163
10.803603603603603,2.580472268704277,2.369843496762775,2.791101040645779
10.822882882882883,2.5837961412932007,2.3731986318847755,2.794393650701626
10.842162162162163,2.5871262993983115,2.3765604857946423,2.7976921130019807
10.86144144144144,2.5904628226480253,2.3799291295498204,2.80099651574623
10.88072072072072,2.5938057906707357,2.383304634225616,2.8043069471158555
10.9,2.597155283094853,2.3866870709184695,2.807623495271237
10.91927927927928,2.60051137954878,2.3900765107491084,2.8109462483484515
10.938558558558558,2.6038741596609105,2.393473024865673,2.814275294456148
10.957837837837838,2.60724370305966,2.3968766844468132,2.8176107216725064
10.977117117117118,2.6106200893734224,2.400287560704663,2.8209526180421816
10.996396396396397,2.614003398230609,2.4037057248878364,2.824301071573381
11.015675675675675,2.617393709259619,2.407131248284306,2.8276561702349317
11.034954954954955,2.6207911020888592,2.41056420222427,2.8310180019534483
11.054234234234235,2.624195656346726,2.4140046580829306,2.8343866546105216
11.073513513513515,2.6276074516616306,2.4174526872832605,2.8377622160400007
11.092792792792793,2.631026567661968,2.420908361298657,2.841144774025279
11.112072072072072,2.6344530839761515,2.4243717516556074,2.8445344162966957
11.131351351351352,2.6378870802325816,2.427842929936231,2.847931230528932
11.150630630630632,2.6413286360596557,2.431321967780815,2.8513353043384964
11.16990990990991,2.6447778310857855,2.434808936890292,2.854746725281279
11.18918918918919,2.6482347449393715,2.4383039090286274,2.8581655808501156
11.20846846846847,2.6516994572488115,2.4418069560251827,2.8615919584724403
11.227747747747747,2.6551720476425107,2.445318149777026,2.865025945507995
11.247027027027027,2.658652595748881,2.448837562251174,2.8684676292465876
11.266306306306307,2.6621411811963203,2.4523652654867623,2.8719170969058783
11.285585585585586,2.6656378836132277,2.455901331597191,2.8753744356292645
11.304864864864864,2.6691427826280147,2.4594458327722153,2.878839732483814
11.324144144144144,2.6726559578690763,2.462998841279938,2.8823130744582146
11.343423423423424,2.6761774889648264,2.4665604294688106,2.8857945484608423
11.362702702702704,2.6797074555436615,2.4701306697695053,2.8892842413178177
11.381981981981982,2.6832459372339805,2.473709634696789,2.892782239771172
11.401261261261261,2.686793013664197,2.4772973968513314,2.8962886304770628
11.420540540540541,2.6903487644627098,2.480894028921418,2.8998035000040017
11.43981981981982,2.6939132692579233,2.484499603684651,2.9033269348311954
11.459099099099099,2.697486607678236,2.488114194009569,2.9068590213469028
11.478378378378379,2.7010688593520644,2.491737872857235,2.910399845846894
11.497657657657658,2.7046601039077895,2.4953707132827017,2.9139494945328774
11.516936936936936,2.7082604209738372,2.4990127884365436,2.917508053511131
11.536216216216216,2.7118698901786,2.502664171566177,2.9210756087910226
11.555495495495496,2.7154885911504834,2.506324936017251,2.9246522462837157
11.574774774774776,2.7191166035178878,2.5099951552349054,2.92823805180087
11.594054054054054,2.7227540069092213,2.513674902765015,2.9318331110534275
11.613333333333333,2.726400880952888,2.5173642522553408,2.935437509650435
11.632612612612613,2.730057305277285,2.521063277456637,2.9390513330979333
11.651891891891893,2.733723359510821,2.524772052223719,2.942674666797923
11.67117117117117,2.7373991232819024,2.528490650516443,2.9463075960473617
11.69045045045045,2.7410846762189176,2.5322191464006205,2.9499502060372147
11.70972972972973,2.744780097950291,2.5359576140489475,2.9536025818516345
11.72900900900901,2.7484854681044086,2.539706127741746,2.9572648084670714
11.748288288288288,2.7522008663096877,2.5434647618677872,2.9609369707515882
11.767567567567568,2.755926372194518,2.5472335909249306,2.9646191534641053
11.786846846846847,2.7596620653873147,2.551012689520812,2.9683114412538174
11.806126126126127,2.763408025516477,2.554802132373379,2.972013918659575
11.825405405405405,2.7671643322104047,2.558601994311425,2.9757266701093843
11.844684684684685,2.7709310650975083,2.562412350275056,2.9794497799199604
11.863963963963965,2.7747083038061833,2.5662332753160593,2.9831833322963073
11.883243243243243,2.7784961279648326,2.570064844598263,2.9869274113314024
11.902522522522522,2.782294617201875,2.5739071333978205,2.99068210100593
11.921801801801802,2.786103851145696,2.577760217103372,2.9944474851880196
11.941081081081082,2.7899239094247092,2.5816241712162644,2.998223647633154
11.96036036036036,2.7937548716673137,2.585499071350595,3.0020106719840323
11.97963963963964,2.7975968175019132,2.5893849932332653,3.005808641770561
11.99891891891892,2.801449826556913,2.593282012703945,3.009617640409881
12.0181981981982,2.8053139784607155,2.597190205714976,3.013437751206455
12.037477477477477,2.8091893528417233,2.6011096483312213,3.0172690573522254
12.056756756756757,2.8130760293283434,2.605040416729851,3.021111641926836
12.076036036036037,2.8169740875489717,2.6089825872000496,3.024965587897894
12.095315315315316,2.82088360713202,2.6129362361427035,3.0288309781213365
12.114594594594594,2.8248046677058922,2.61690144006997,3.0327078953418143
12.133873873873874,2.8287373488989798,2.620878275604811,3.0365964221931487
12.153153153153154,2.8326817303396985,2.624866819480497,3.0404966411989
12.172432432432434,2.83663789165645,2.628867148539981,3.0444086347729193
12.191711711711712,2.8406059124776317,2.632879339735249,3.0483324852200147
12.210990990990991,2.8445858724316553,2.6369034701266236,3.052268274736687
12.230270270270271,2.8485778511469104,2.6409396168819472,3.0562160854118736
12.249549549549549,2.8525819282518143,2.6449878572757823,3.0601759992278463
12.268828828828829,2.8565981833747633,2.649048268688459,3.0641480980610676
12.288108108108108,2.8606266961441684,2.6531209286051345,3.0681324636832024
12.307387387387388,2.8646675461884223,2.6572059146147273,3.0721291777621174
12.326666666666666,2.8687208131359387,2.661303304408852,3.0761383218630254
12.345945945945946,2.8727865766151153,2.6654131757806225,3.080159977449608
12.365225225225226,2.876864916254356,2.6695356066234406,3.084194225885271
12.384504504504505,2.880955911682064,2.6736706749296997,3.0882411484344288
12.403783783783783,2.885059642526642,2.677818458789424,3.0923008262638603
12.423063063063063,2.8891761884164993,2.6819790363888547,3.096373340444144
12.442342342342343,2.8933056289800305,2.6861524860089414,3.1004587719511196
12.461621621621623,2.897448043845646,2.69033888602382,3.104557201667472
12.4809009009009,2.9016035126417457,2.694538314899168,3.108668710384323
12.50018018018018,2.905772114996733,2.6987508511905376,3.112793378802928
12.51945945945946,2.9099539305390136,2.7029765735416063,3.116931287536421
12.53873873873874,2.9141490388969906,2.7072155606823576,3.1210825171116237
12.558018018018018,2.918357519699069,2.711467891427209,3.125247147970929
12.577297297297298,2.922579452573645,2.715733644673055,3.129425260474235
12.596576576576577,2.9268149171491284,2.7200128993972816,3.1336169349009753
12.615855855855855,2.9310639930539217,2.724305734655669,3.1378222514521745
12.635135135135135,2.9353267599164274,2.728612229580256,3.1420412902525987
12.654414414414415,2.9396032973650486,2.732932463377136,3.146274131352961
12.673693693693695,2.9438936850281943,2.737266515324186,3.1505208547322026
12.692972972972973,2.9481980025342542,2.7416144647687024,3.154781540299806
12.712252252252252,2.9525163295116448,2.745976391125042,3.1590562678982477
12.731531531531532,2.956848745588766,2.750352373872105,3.1633451173054272
12.750810810810812,2.961195330394021,2.7547424925508173,3.167648168237225
12.77009009009009,2.965556163555811,2.7591468267615187,3.1719655003501033
12.78936936936937,2.969931324702543,2.763565456161299,3.176297193243787
12.80864864864865,2.974320893462617,2.7679984604612464,3.1806433264639873
12.827927927927929,2.9787249494644383,2.7724459194236544,3.1850039795052223
12.847207207207207,2.9831435723364126,2.7769079128591447,3.1893792318136804
12.866486486486487,2.987576841706937,2.781384520623717,3.1937691627901565
12.885765765765766,2.9920248372044216,2.7858758226157674,3.198173851793076
12.905045045045046,2.996487638457265,2.7903818987729867,3.202593378141543
12.924324324324324,3.000965325093872,2.794902829069238,3.207027821118506
12.943603603603604,3.005457976742649,2.7994386935113456,3.211477259973952
12.962882882882884,3.009965673031998,2.803989572135812,3.2159417739281837
12.982162162162162,3.014488493590317,2.8085555450054738,3.2204214421751605
13.001441441441441,3.01902651804602,2.813136692206112,3.224916343885928
13.020720720720721,3.0235798260274978,2.8177330938429357,3.22942655821206
13.040000000000001,3.0281484971631647,2.8223448300370797,3.2339521642892497
13.059279279279279,3.0327326110814226,2.826971980921956,3.238493241240889
13.078558558558559,3.037332247410663,2.8316146266395728,3.2430498681817537
13.097837837837838,3.0419474857793065,2.836272847336825,3.247622124221788
13.117117117117118,3.0465784058157457,2.8409467231616174,3.252210088469874
13.136396396396396,3.0512250871483855,2.8456363342590203,3.2568138400377507
13.155675675675676,3.055887609405633,2.8503417607673014,3.2614334580439643
13.174954954954956,3.060566052215888,2.855063082813897,3.2660690216178794
13.194234234234235,3.065260495207559,2.859800380511332,3.2707206099037855
13.213513513513513,3.0699710180090407,2.8645537339530427,3.2753883020650387
13.232792792792793,3.074697700248745,2.869323223209171,3.2800721772883183
13.252072072072073,3.079440621555072,2.8741089283222467,3.284772314787897
13.27135135135135,3.0841998615564234,2.878910929302826,3.289488793810021
13.29063063063063,3.0889754998812045,2.883729306125064,3.2942216936373447
13.30990990990991,3.093767616157818,2.888564138722201,3.2989710935934347
13.32918918918919,3.0985762900146687,2.8934155069819933,3.303737073047344
13.348468468468468,3.1034016010801597,2.898283490742068,3.3085197114182514
13.367747747747748,3.1082436289826916,2.9031681697852094,3.3133190881801737
13.387027027027028,3.1131024533506717,2.9080696238345864,3.318135282866757
13.406306306306307,3.1179781538125035,2.9129879325488903,3.3229683750761168
13.425585585585585,3.122870809996585,2.9179231755174135,3.327818444475757
13.444864864864865,3.1277805015313263,2.9228754322550756,3.332685570807577
13.464144144144145,3.1327073080451284,2.9278447821973432,3.3375698338929136
13.483423423423424,3.137651309166393,2.932831304695108,3.342471313637678
13.502702702702702,3.1426125845235235,2.9378350790094903,3.347390090037557
13.521981981981982,3.1475912137449273,2.9428561843065686,3.352326243183286
13.541261261261262,3.1525872764590055,2.9478946996520303,3.3572798532659807
13.560540540540542,3.157600852294158,2.9529507040057674,3.3622510005825483
13.57981981981982,3.162632020878794,2.958024276216405,3.3672397655411834
13.5990990990991,3.1676808618413137,2.9631154950157326,3.372246228666895
13.61837837837838,3.172747454810122,2.9682244390130963,3.377270470607148
13.637657657657657,3.1778318794136204,2.9733511866896984,3.3823125721375424
13.656936936936937,3.182934215280213,2.9784958163928428,3.3873726141675835
13.676216216216217,3.1880545420383077,2.9836584063301004,3.392450677746515
13.695495495495496,3.193192939316301,2.988839034563392,3.39754684406921
13.714774774774774,3.198349486742598,2.9940377790030337,3.4026611944821625
13.734054054054054,3.2035242639456047,2.999254717401683,3.4077938104895265
13.753333333333334,3.2087173505537243,3.00448992734822,3.4129447737592287
13.772612612612614,3.2139288261953585,3.009743486261561,3.418114166129156
13.791891891891892,3.2191587704989115,3.015015471384406,3.423302069613417
13.811171171171171,3.2244072630927874,3.020305959776907,3.428508566408668
13.830450450450451,3.229674383605388,3.0256150283102645,3.4337337389005116
13.84972972972973,3.234960211665118,3.0309427536602653,3.4389776696699705
13.869009009009009,3.2402648269003804,3.0362892123007357,3.444240441500025
13.888288288288289,3.2455883089395785,3.0416544804969297,3.4495221373822273
13.907567567567568,3.2509307374111165,3.04703863429885,3.454822840523383
13.926846846846848,3.256292191943398,3.0524417495084077,3.460142634378388
13.946126126126126,3.261672752164823,3.0578639003799166,3.46548160394973
13.965405405405406,3.2670724977038,3.0633051591385208,3.4708398362690795
13.984684684684686,3.2724915081887302,3.0687655978777455,3.476217418499715
14.003963963963963,3.2779298632480165,3.0742452887292773,3.4816144377667557
14.023243243243243,3.283387642510062,3.079744303873319,3.4870309811468045
14.042522522522523,3.2888649256032716,3.08526271554842,3.4924671356581234
14.061801801801803,3.294361792156049,3.090800596060759,3.497922988251339
14.08108108108108,3.299878321796795,3.096358017792906,3.503398625800684
14.10036036036036,3.30541454845723,3.101935007515364,3.5088940893990963
14.11963963963964,3.3109700508903233,3.1075311369121827,3.5144089648684638
14.13891891891892,3.316544146675814,3.1131457165936314,3.519942576757997
14.158198198198198,3.32213615029225,3.118778054174845,3.5254942464096555
14.177477477477478,3.327745376218181,3.124427457362268,3.5310632950740937
14.196756756756757,3.333371138932151,3.1300932331267477,3.5366490447375547
14.216036036036037,3.3390127529127094,3.1357746875035413,3.5422508183218775
14.235315315315315,3.3446695326384015,3.1414711267360276,3.5478679385407754
14.254594594594595,3.350340792587777,3.147181857370119,3.5534997278054345
14.273873873873875,3.3560258472393825,3.1529061862642633,3.5591455082145016
14.293153153153154,3.3617240110717654,3.1586434205983807,3.56480460154515
14.312432432432432,3.3674345985634697,3.1643928678817184,3.570476329245221
14.331711711711712,3.3731569241930472,3.1701538359596415,3.576160012426453
14.350990990990992,3.378890302439043,3.17592563301932,3.581854971858766
14.37027027027027,3.384634047780005,3.1817075675943562,3.5875605279656537
14.38954954954955,3.3903874746944798,3.187498948568315,3.5932760008206444
14.40882882882883,3.3961498976610156,3.193299085177176,3.599000710144855
14.428108108108109,3.40192063115816,3.199107287010693,3.604733975305627
14.447387387387387,3.4076989896644574,3.2049228640126626,3.610475115316252
14.466666666666667,3.4134842876584597,3.210745126480117,3.6162234488368026
14.485945945945947,3.41927583961871,3.216573385061396,3.621978294176024
14.505225225225226,3.4250729600237584,3.222406950753157,3.62773896929436
14.524504504504504,3.4308749633521503,3.22824513489626,3.6335047918080403
14.543783783783784,3.4366811640824335,3.23408724917058,3.639275078994287
14.563063063063064,3.4424908766931557,3.2399326055886992,3.645049147797612
14.582342342342343,3.4483034156628656,3.245780516488518,3.650826314837213
14.601621621621621,3.454118095470106,3.251630294524745,3.6566058964154666
14.620900900900901,3.4599342305934284,3.2574812526593084,3.6623872085275484
14.640180180180181,3.46575113551138,3.2633327041506397,3.66816956687212
14.65945945945946,3.471568124702505,3.269183962541863,3.6739522868631473
14.678738738738739,3.477384512645353,3.275034341647886,3.67973468364282
14.698018018018018,3.483199613818471,3.2808831555413702,3.685516072095572
14.717297297297298,3.489012742700407,3.2867297185376003,3.691295766863214
14.736576576576576,3.494823213769706,3.2925733451782406,3.6970730823611717
14.755855855855856,3.500630341504917,3.298413350213992,3.7028473327958418
14.775135135135136,3.506433440384587,3.3042490485861253,3.7086178321830485
14.794414414414415,3.5122318248872646,3.3100797554069135,3.7143838943676157
14.813693693693693,3.518024809491493,3.3159047859389377,3.7201448330440483
14.832972972972973,3.523811708675824,3.32172345557331,3.725899961778338
14.852252252252253,3.5295918369188035,3.327535079806746,3.7316485940308612
14.871531531531533,3.5353645086989767,3.3333389742175474,3.737390043180406
14.89081081081081,3.5411290384948932,3.3391344544404724,3.743123622549314
14.91009009009009,3.5468847407850994,3.344920836140473,3.748848645429726
14.92936936936937,3.552630930048145,3.350697434985336,3.754564425110954
14.94864864864865,3.558366920762573,3.3564635666171916,3.760270274907955
14.967927927927928,3.5640920274069336,3.362218546622926,3.7659655081909413
14.987207207207208,3.5698055644597715,3.367961690503457,3.771649438416086
15.006486486486487,3.5755068463996387,3.373692313641913,3.7773213791573643
15.025765765765767,3.581195187705078,3.3794097312706706,3.782980644139485
15.045045045045045,3.5868699028546365,3.3851132584373005,3.7886265472719725
15.064324324324325,3.5925303063268665,3.390802209824015,3.794258402829718
15.083603603603605,3.5981757126003098,3.396475898581463,3.7998755266191564
15.102882882882882,3.603805436153516,3.4021336369774335,3.8054772353295983
15.122162162162162,3.6094187914650324,3.407774737085657,3.811062845844408
15.141441441441442,3.6150150930134064,3.4133985107957256,3.816631675231087
15.160720720720722,3.620593655277185,3.419004269816416,3.822183040737954
15.18,3.6261537927349163,3.424591325678481,3.8277162597913517
15.19927927927928,3.631694819865146,3.430158989736913,3.833230649993379
15.21855855855856,3.6372160511464227,3.4357065731480643,3.838725529144781
15.237837837837839,3.6427168010572926,3.4412333861640576,3.8442002159505275
15.257117117117117,3.64819650319491,3.446738857223145,3.849654149166675
15.276396396396397,3.653655259833381,3.4522230833904612,3.855087436276301
15.295675675675676,3.659093406412514,3.457686394925318,3.8605004178997095
15.314954954954956,3.6645112786121934,3.463129122274685,3.865893434949702
15.334234234234234,3.6699092121123056,3.468551595129696,3.8712668290949153
15.353513513513514,3.6752875425927387,3.4739541429838257,3.8766209422016518
15.372792792792794,3.6806466057333775,3.479337095604302,3.881956115862453
15.392072072072072,3.6859867372141095,3.484700783072994,3.887272691355225
15.411351351351351,3.6913082727148203,3.490045535820913,3.892571009608728
15.430630630630631,3.696611547915397,3.4953716846590126,3.8978514111717812
15.44990990990991,3.701896898495725,3.5006795608052825,3.9031142361861675
15.469189189189189,3.7071646601356916,3.5059694959081256,3.9083598243632576
15.488468468468469,3.712415168515183,3.5112418220660166,3.9135885149643497
15.507747747747748,3.7176487593140854,3.5164968718434415,3.9188006467847294
15.527027027027028,3.7228657682122854,3.521734978283112,3.9239965581414586
15.546306306306306,3.7280665308896683,3.5269564749144466,3.92917658686489
15.565585585585586,3.733251383026122,3.5321616957583277,3.9343410702939163
15.584864864864866,3.738420660301533,3.5373509753281134,3.939490345274953
15.604144144144145,3.7435746983957863,3.5425246486269173,3.9446247481646552
15.623423423423423,3.748713832988768,3.5476830511411475,3.949744614836389
15.642702702702703,3.7538383997603666,3.552826518830303,3.95485028069043
15.661981981981983,3.7589487343904677,3.5579553881130193,3.959942080667916
15.681261261261263,3.7640451725589568,3.5630699958493683,3.965020349268545
15.70054054054054,3.76912804994572,3.568170679319416,3.9700854205720235
15.71981981981982,3.774197702230645,3.573257776198024,3.9751376282632664
15.7390990990991,3.779254465093617,3.5783316245258936,3.98017730566134
15.758378378378378,3.7842986742145244,3.5833925626768717,3.985204785752177
15.777657657657658,3.7893306652732512,3.588440929321484,3.9902204012250184
15.796936936936937,3.7943507739496853,3.593477063386731,3.9952244845126397
15.816216216216217,3.7993593359237128,3.5985013040121183,4.000217367835307
15.835495495495495,3.8043566868752188,3.603513990501931,4.005199383248507
15.854774774774775,3.809343162484091,3.6085154620787794,4.010170862889403
15.874054054054055,3.8143190984302158,3.613506056375032,4.0151321404854
15.893333333333334,3.81928483039348,3.618486110098255,4.020083550688705
15.912612612612612,3.8242406940537674,3.6234559597730858,4.025025428334449
15.931891891891892,3.8291870250909685,3.6284159417337665,4.029958108448171
15.951171171171172,3.8341241591849666,3.6333663921104766,4.034881926259457
15.970450450450452,3.839052432015278,3.638307646814566,4.039797217215989
15.98972972972973,3.843972148178552,3.643240009879766,4.044704286477338
16.00900900900901,3.848883496351239,3.6481636670492774,4.049603325653201
16.028288288288287,3.8537866381920898,3.6530787762459194,4.054494500138261
16.04756756756757,3.858681735359865,3.65798549510803,4.059377975611699
16.066846846846847,3.863568949513313,3.6628839810274996,4.064253917999127
16.086126126126125,3.8684484423111942,3.6677743911864438,4.069122493435945
16.105405405405406,3.8733203754122596,3.6726568825924413,4.073983868232078
16.124684684684684,3.878184910475267,3.6775316121123964,4.078838208838137
16.143963963963962,3.8830422091589707,3.682398736504982,4.08368568181296
16.163243243243244,3.887892433122124,3.6872584124516785,4.08852645379257
16.182522522522525,3.892735744023484,3.6921107965864217,4.093360691460547
16.2018018018018,3.8975723035218044,3.6969560455238177,4.098188561519791
16.22108108108108,3.9024022732758405,3.7017943158859716,4.103010230665709
16.240360360360363,3.9072258149443466,3.706625764327887,4.107825865560806
16.25963963963964,3.912043090186077,3.7114505475614625,4.112635632810692
16.27891891891892,3.91685426065979,3.716268822378076,4.117439698941504
16.2981981981982,3.9216594880242384,3.721080745669739,4.122238230378738
16.31747747747748,3.9264589339381764,3.725886474448849,4.127031393427504
16.336756756756756,3.9312527600603593,3.7306861658665205,4.131819354254198
16.356036036036038,3.9360411280495433,3.7354799772294913,4.136602278869595
16.375315315315316,3.9408241995644815,3.740268066015609,4.141380333113354
16.394594594594594,3.9456021362639304,3.7450505898879034,4.146153682639958
16.413873873873875,3.9503750998066445,3.749827706707225,4.150922492906064
16.433153153153153,3.9551432518513776,3.754599574543468,4.155686929159287
16.45243243243243,3.9599067540568855,3.759366351685367,4.160447156428404
16.471711711711713,3.964665768081925,3.764128196648867,4.165203339514982
16.49099099099099,3.9694204555852473,3.7688852681840612,4.169955642986433
16.51027027027027,3.9741709782256094,3.7736377252807203,4.174704231170499
16.52954954954955,3.9789174976617683,3.7783857271723758,4.179449268151161
16.54882882882883,3.9836601755524756,3.783129433338978,4.184190917765973
16.568108108108106,3.9883991735564863,3.7878690035081415,4.188929343604832
16.587387387387388,3.993134653332558,3.7926045976549463,4.193664709010169
16.60666666666667,3.997866776539444,3.797336376000315,4.198397177078573
16.625945945945947,4.002595704835898,3.802064499007963,4.203126910663834
16.645225225225225,4.007321599880678,3.8067891273799237,4.207854072381432
16.664504504504507,4.012044623332537,3.811510422050639,4.212578824614435
16.683783783783785,4.01676493685023,3.8162285441796238,4.2173013295208355
16.703063063063063,4.02148270209251,3.820943655142707,4.222021749042313
16.722342342342344,4.026198080718137,3.825655916521847,4.226740244914427
16.741621621621622,4.0309112343858615,3.8303654900935054,4.231456978678217
16.7609009009009,4.03562232475444,3.8350725378156176,4.2361721116932625
16.78018018018018,4.040331513482628,3.839777221813123,4.240885805152133
16.79945945945946,4.045038962229179,3.8444797043620746,4.245598220096283
16.818738738738737,4.0497448326528485,3.8491801478723304,4.250309517433366
16.83801801801802,4.054449286412392,3.853878714868818,4.255019857955967
16.857297297297297,4.059152485166566,3.8585755679713776,4.259729402361754
16.876576576576575,4.063854590574121,3.863270869873188,4.264438311275054
16.895855855855856,4.0685557642938175,3.867964783317782,4.269146745269853
16.915135135135138,4.073256167984406,3.872657471074622,4.273854864894189
16.934414414414412,4.077955963304641,3.8773490959132912,4.27856283069599
16.953693693693694,4.082655311913281,3.8820398205762507,4.283270803250311
16.972972972972975,4.08735437546908,3.8867298077501857,4.287978943187975
16.992252252252253,4.092053315630791,3.891419220035946,4.292687411225636
17.01153153153153,4.09675229405717,3.8961082199170853,4.297396368197255
17.030810810810813,4.101451472406974,3.900796969726982,4.302105975086966
17.05009009009009,4.106151012338955,3.905485631614555,4.306816393063356
17.06936936936937,4.110851075511868,3.910174367171621,4.311527783852115
17.08864864864865,4.11555182358447,3.9148633364308902,4.316240310738049
17.10792792792793,4.120253418215515,3.919552698892425,4.320954137538604
17.127207207207206,4.124956021063757,3.9242426138528166,4.325669428274697
17.146486486486488,4.129659793787953,3.928933240401273,4.330386347174633
17.165765765765766,4.134364898046856,3.9336247374151943,4.335105058678518
17.185045045045044,4.139071495499221,3.938317263550068,4.339825727448373
17.204324324324325,4.143779747803805,3.943010976689215,4.344548518918395
17.223603603603603,4.14848981661936,3.9477060335113094,4.349273599727411
17.24288288288288,4.153201863604643,3.95240259048342,4.3540011367258655
17.262162162162163,4.157916047605965,3.9571008011916757,4.358731294020254
17.281441441441444,4.162632447964663,3.9618007396729182,4.363464156256408
17.30072072072072,4.167351055293045,3.9665023911728956,4.3681997194131945
17.32,4.172071855539194,3.971205735560982,4.372937975517406
17.339279279279282,4.176794834651189,3.9759107521914006,4.377678917110978
17.35855855855856,4.181519978577115,3.980617420580297,4.382422536573933
17.377837837837838,4.186247273265052,3.985325720467345,4.3871688260627595
17.39711711711712,4.190976704663082,3.990035631853491,4.391917777472672
17.416396396396397,4.1957082587192875,3.994747135035964,4.396669382402611
17.435675675675675,4.200441921381748,3.9994602106405437,4.401423632122953
17.454954954954957,4.205177678598549,4.004174839651112,4.406180517545986
17.474234234234235,4.20991551631777,4.008891003436458,4.410940029199082
17.493513513513513,4.214655420487494,4.013608683774356,4.4157021572006325
17.512792792792794,4.219397377055803,4.018327862872911,4.4204668912386955
17.532072072072072,4.224141371970777,4.023048523389176,4.425234220552379
17.55135135135135,4.228887391180499,4.027770648445031,4.430004133915967
17.57063063063063,4.233635420633053,4.032494221640345,4.434776619625762
17.58990990990991,4.238385446276517,4.037219227063384,4.43955166548965
17.609189189189188,4.243137454058974,4.041945649298528,4.444329258819421
17.62846846846847,4.247891429928508,4.046673473431232,4.449109386425784
17.64774774774775,4.2526473598332,4.051402685050277,4.453892034616123
17.667027027027025,4.2574052297211304,4.0561332702472965,4.458677189194964
17.686306306306307,4.262165025540383,4.060865215604209,4.4634648354765565
17.705585585585588,4.266926733239039,4.065598507589148,4.46825495888893
17.724864864864866,4.271690338765178,4.0703331321023954,4.473047545427961
17.744144144144144,4.276455828066883,4.075069075256183,4.477842580877583
17.763423423423426,4.281223187092241,4.079806323450179,4.482640050734303
17.782702702702704,4.2859924017893265,4.084544863366302,4.487439940212351
17.80198198198198,4.290763458106225,4.089284681962072,4.492242234250378
17.821261261261263,4.295536341991017,4.094025766462448,4.497046917519586
17.84054054054054,4.300311039391786,4.098768104350203,4.501853974433368
17.85981981981982,4.305087536256613,4.1035116833547916,4.506663389158434
17.8790990990991,4.309865818533579,4.108256491439763,4.511475145627395
17.89837837837838,4.314645872170767,4.113002516788674,4.5162892275528606
17.917657657657657,4.31942768311626,4.1177497477895475,4.521105618442972
17.936936936936938,4.3242112373181385,4.122498173017837,4.52592430161844
17.956216216216216,4.328996520724482,4.127247781217932,4.530745260231033
17.975495495495494,4.333783519283375,4.131998561283208,4.535568477283542
17.994774774774775,4.338572218942901,4.136750502234591,4.5403939356512115
18.014054054054057,4.34336260565114,4.141503593197665,4.545221618104614
18.03333333333333,4.348154665356172,4.146257823129839,4.550051507582505
18.052612612612613,4.352948384006082,4.151013178327297,4.5548835896848665
18.071891891891894,4.35774374754895,4.155769643234603,4.559717851863297
18.091171171171172,4.362540741932859,4.160527201959971,4.564554281905748
18.11045045045045,4.36733935310589,4.1652858383094244,4.569392867902355
18.129729729729732,4.372139567016125,4.170045535799208,4.574233598233043
18.14900900900901,4.376941369611645,4.174806277667979,4.579076461555311
18.168288288288288,4.381744746840533,4.179568046888837,4.583921446792228
18.18756756756757,4.3865496846508725,4.184330826181135,4.58876854312061
18.206846846846847,4.391356168990742,4.189094598022092,4.5936177399593925
18.226126126126125,4.396164185808225,4.193859344658238,4.598469026958213
18.245405405405407,4.400973721051406,4.19862504811664,4.603322393986171
18.264684684684685,4.405784760668361,4.203391690215938,4.608177831120784
18.283963963963963,4.410597290607175,4.208159252577189,4.613035328637161
18.303243243243244,4.415411296815933,4.21292771663452,4.6178948769973465
18.322522522522522,4.420226765242711,4.217697063645561,4.622756466839862
18.341801801801804,4.425043681835596,4.22246727470172,4.627620088969471
18.361081081081082,4.429862032542665,4.227238330738226,4.632485734347105
18.38036036036036,4.434681803312003,4.232010212543997,4.637353394080009
18.39963963963964,4.439502980091693,4.236782900771308,4.642223059412078
18.41891891891892,4.444325548829814,4.241556375945244,4.647094721714383
18.438198198198197,4.449149495474448,4.2463306184729905,4.651968372475906
18.45747747747748,4.45397480597368,4.251105608652896,4.656844003294465
18.476756756756757,4.458801466275588,4.255881326683348,4.661721605867828
18.49603603603604,4.4636294623282575,4.260657752671463,4.666601171985052
18.515315315315316,4.468458780079766,4.265434866641552,4.67148269351798
18.534594594594594,4.4732894054782,4.270212648543422,4.676366162412977
18.553873873873876,4.478121324471638,4.274991078260451,4.681251570682824
18.573153153153154,4.482954523008162,4.2797701356174835,4.686138910398841
18.59243243243243,4.487788987035858,4.284549800388521,4.691028173683194
18.611711711711713,4.492624702502803,4.289330052304208,4.695919352701398
18.63099099099099,4.497461655357079,4.294110871059136,4.700812439655023
18.65027027027027,4.502299831546772,4.2988922363189435,4.7057074267746
18.66954954954955,4.507139217019962,4.303674127727204,4.710604306312719
18.68882882882883,4.511979797724729,4.308456524912129,4.715503070537329
18.70810810810811,4.516821559609156,4.313239407493078,4.7204037117252335
18.727387387387388,4.521664488621324,4.318022755086857,4.725306222155791
18.746666666666666,4.526508570709318,4.322806547313826,4.730210594104809
18.765945945945948,4.531353791821217,4.327590763803801,4.735116819838632
18.785225225225226,4.5362001379051025,4.332375384201771,4.740024891608434
18.804504504504504,4.541047594909059,4.3371603881734,4.7449348016447175
18.823783783783785,4.545896148781166,4.341945755410346,4.749846542151986
18.843063063063063,4.550745785469506,4.346731465635365,4.754760105303648
18.862342342342345,4.555596491034448,4.351517498719521,4.759675483349375
18.881621621621623,4.560448254563488,4.35630383760174,4.764592671525236
18.9009009009009,4.565301068440989,4.361090468563064,4.769511668318914
18.920180180180182,4.570154925217673,4.365877378100463,4.774432472334882
18.93945945945946,4.575009817444259,4.370664552764599,4.779355082123918
18.958738738738738,4.579865737671468,4.375451979163746,4.78427949617919
18.97801801801802,4.58472267845002,4.380239643967516,4.789205712932524
18.997297297297298,4.589580632330633,4.385027533910383,4.794133730750883
19.016576576576576,4.594439591864029,4.389815635795016,4.799063547933042
19.035855855855857,4.5992995496009295,4.394603936495408,4.8039951627064506
19.055135135135135,4.604160498092051,4.399392422959802,4.808928573224301
19.074414414414417,4.609022429888118,4.404181082213436,4.8138637775628
19.093693693693695,4.6138853375398465,4.408969901361072,4.818800773718621
19.112972972972972,4.618749213597959,4.413758867589346,4.823739559606572
19.132252252252254,4.623614050613176,4.418547968168902,4.82868013305745
19.151531531531532,4.628479841136215,4.423337190456345,4.833622491816086
19.17081081081081,4.6333465777177985,4.428126521895993,4.838566633539604
19.19009009009009,4.638214252908648,4.432915950021429,4.843512555795868
19.20936936936937,4.643082859259478,4.437705462456853,4.848460256062104
19.22864864864865,4.647952389321015,4.442495046918262,4.853409731723767
19.24792792792793,4.652822835643975,4.447284691214405,4.858360980073545
19.267207207207207,4.65769419077908,4.452074383247556,4.863313998310604
19.28648648648649,4.662566447277049,4.456864111014102,4.868268783539996
19.305765765765766,4.667439597688604,4.461653862604922,4.873225332772287
19.325045045045044,4.672313634564462,4.4664436262055744,4.87818364292335
19.344324324324326,4.677188550455346,4.471233390096308,4.883143710814385
19.363603603603604,4.682064337911975,4.4760231426518535,4.888105533172097
19.382882882882882,4.68694098948507,4.4808128723410485,4.893069106629091
19.402162162162163,4.691818497725349,4.48560256772625,4.898034427724449
19.42144144144144,4.696696855183534,4.490392217462574,4.903001492904494
19.440720720720723,4.701576054410346,4.4951818102969305,4.907970298523761
19.46,4.706456087956502,4.499971335066873,4.91294084084613
19.47927927927928,4.711336948372724,4.504760780699266,4.917913116046181
19.49855855855856,4.716218628209733,4.5095501362087544,4.922887120210711
19.51783783783784,4.721101120018246,4.514339390696041,4.927862849340451
19.537117117117116,4.725984416348989,4.519128533346004,4.932840299351973
19.556396396396398,4.730868509752675,4.523917553425578,4.937819466079771
19.575675675675676,4.735753392780029,4.528706440281509,4.942800345278549
19.594954954954957,4.7406390579817685,4.533495183337874,4.947782932625663
19.614234234234235,4.745525497908617,4.538283772093448,4.952767223723787
19.633513513513513,4.75041270511129,4.543072196118866,4.957753214103715
19.652792792792795,4.755300672140512,4.547860445053624,4.9627408992274
19.672072072072073,4.760189391547,4.5526485086028785,4.967730274491121
19.69135135135135,4.765078855881474,4.557436376534074,4.972721335228874
19.710630630630632,4.769969057694656,4.5622240386733965,4.977714076715915
19.72990990990991,4.774859989537267,4.567011484902033,4.982708494172502
19.749189189189188,4.779751643960024,4.571798705152261,4.987704582767787
19.76846846846847,4.784644013513651,4.57658568940337,4.992702337623932
19.787747747747748,4.789537090748865,4.581372427677384,4.997701753820345
19.80702702702703,4.794430868216387,4.586158910034635,5.002702826398139
19.826306306306307,4.799325338466936,4.59094512656914,5.007705550364732
19.845585585585585,4.804220494051233,4.59573106740382,5.012709920698645
19.864864864864867,4.809116327520003,4.600516722685546,5.017715932354459
19.884144144144145,4.814012831423956,4.6053020825799855,5.022723580267927
19.903423423423423,4.818909998313819,4.610087137266337,5.027732859361301
19.922702702702704,4.823807820740313,4.614871876931842,5.032743764548783
19.941981981981982,4.828706291254153,4.619656291766144,5.037756290742162
19.961261261261264,4.833605402406064,4.6244403719555045,5.042770432856624
19.98054054054054,4.838505146746764,4.629224107676819,5.047786185816708
19.99981981981982,4.843405516826972,4.634007489091495,5.052803544562449
20.0190990990991,4.848306505197411,4.638790506339157,5.0578225040556655
20.03837837837838,4.853208104408799,4.643573149531183,5.062843059286416
20.057657657657657,4.858110307011857,4.648355408744099,5.067865205279615
20.07693693693694,4.863013105557304,4.653137274012799,5.072888937101808
20.096216216216217,4.867916492595861,4.657918735323613,5.077914249868109
20.115495495495495,4.872820460678248,4.662699782607217,5.0829411387492796
20.134774774774776,4.877725002355187,4.667480405731394,5.08796959897898
20.154054054054054,4.882630110177394,4.672260594493627,5.092999625861161
20.173333333333336,4.887535776695593,4.6770403386135655,5.09803121477762
20.192612612612614,4.892441994460502,4.681819627725308,5.103064361195696
20.21189189189189,4.897348756022842,4.686598451369564,5.108099060676119
20.231171171171173,4.902256053933333,4.691376798985654,5.113135308881012
20.25045045045045,4.9071638807426945,4.696154659903362,5.118173101582027
20.26972972972973,4.912072229001646,4.700932023334652,5.12321243466864
20.28900900900901,4.9169810912609115,4.705708878365238,5.128253304156585
20.30828828828829,4.9218904600712055,4.7104852139459945,5.133295706196416
20.327567567567566,4.926800327983253,4.715261018884268,5.138339637082238
20.346846846846848,4.9317106875477705,4.720036281835,5.143385093260541
20.366126126126126,4.936621531315481,4.724810991291753,5.148432071339209
20.385405405405407,4.941532851837103,4.729585135577575,5.15348056809663
20.404684684684685,4.946444641663357,4.734358702835749,5.1585305804909645
20.423963963963963,4.951356893344962,4.7391316810203925,5.163582105669532
20.443243243243245,4.956269599432641,4.743904057886947,5.168635140978335
20.462522522522523,4.961182752477111,4.748675820982513,5.173689683971709
20.4818018018018,4.966096345029094,4.753446957636085,5.178745732422102
20.501081081081082,4.971010369639309,4.758217454948647,5.183803284329971
20.52036036036036,4.975924818858478,4.762987299783133,5.188862337933823
20.539639639639642,4.980839685237321,4.767756478125684,5.193922892348957
20.55891891891892,4.985754961326554,4.772524973407953,5.198984949245156
20.578198198198198,4.990670639676901,4.7772927684611055,5.204048510892697
20.59747747747748,4.995586712839081,4.782059846109989,5.209113579568174
20.616756756756757,5.000503173363816,4.786826189187624,5.2141801575400075
20.636036036036035,5.005420013801823,4.791591780549437,5.2192482470542085
20.655315315315317,5.010337226703825,4.7963566030872355,5.224317850320415
20.674594594594595,5.01525480462054,4.801120639742901,5.229388969498178
20.693873873873873,5.020172740102689,4.805883873521857,5.234461606683521
20.713153153153154,5.025091025700991,4.81064628750623,5.239535763895753
20.732432432432432,5.030009653966168,4.8154078648677885,5.244611443064548
20.751711711711714,5.03492861744894,4.82016858888059,5.249688646017289
20.770990990990992,5.0398479087000245,4.824928442933379,5.25476737446667
20.79027027027027,5.0447675202701445,4.82968741054172,5.2598476299985695
20.80954954954955,5.04968744471002,4.834445475359863,5.264929414060178
20.82882882882883,5.054607674570369,4.839202621192344,5.270012727948394
20.848108108108107,5.059528202401913,4.84395883200533,5.275097572798496
20.86738738738739,5.064449020755374,4.848714091937695,5.280183949573053
20.886666666666667,5.069370122181469,4.853468385311818,5.285271859051119
20.90594594594595,5.0742914992309185,4.858221696644146,5.290361301817691
20.925225225225226,5.079213144454444,4.8629740106554635,5.295452278253425
20.944504504504504,5.0841350504027645,4.867725312280913,5.300544788524616
20.963783783783786,5.089057209626601,4.872475586679748,5.305638832573454
20.983063063063064,5.093979614676674,4.877224819244815,5.310734410108533
21.00234234234234,5.098902258103701,4.881972995611777,5.315831520595625
21.021621621621623,5.1038251324584065,4.886720101668078,5.320930163248735
21.0409009009009,5.108748230291507,4.891466123530575,5.326030337052439
21.06018018018018,5.113671544153724,4.896211047067887,5.331132041239561
21.07945945945946,5.118595066595777,4.900954858060829,5.336235275130725
21.09873873873874,5.1235187901683865,4.905697542677357,5.341340037659416
21.11801801801802,5.128442707422273,4.910439087500662,5.346446327343885
21.137297297297298,5.133366810908157,4.915179479542164,5.35155414227415
21.156576576576576,5.138291093176758,4.919918706253865,5.35666348009965
21.175855855855858,5.143215546778795,4.924656755540055,5.361774338017535
21.195135135135136,5.148140164264989,4.929393615768379,5.366886712761599
21.214414414414414,5.153064938186061,4.934129275780274,5.372000600591848
21.233693693693695,5.157989861092731,4.938863724900754,5.377115997284708
21.252972972972973,5.162914925535718,4.943596952947578,5.382232898123858
21.272252252252255,5.1678401240657434,4.948328950239778,5.387351297891709
21.291531531531533,5.172765449233525,4.9530597076055525,5.392471190861498
21.31081081081081,5.177690893589786,4.957789216389556,5.3975925707900165
21.330090090090092,5.182616449685244,4.962517468459535,5.402715430910953
21.34936936936937,5.187542110070622,4.96724445621237,5.407839763928873
21.368648648648648,5.192467867296636,4.9719701725794785,5.4129655620137935
21.38792792792793,5.1973937139140105,4.976694611031627,5.418092816796394
21.407207207207207,5.202319642473462,4.981417765583105,5.423221519363819
21.426486486486485,5.207245645525712,4.986139630795317,5.428351660256108
21.445765765765767,5.212171715621483,4.9908602017797525,5.433483229463213
21.465045045045045,5.217097845311491,4.995579474200363,5.438616216422619
21.484324324324326,5.2220240271464595,5.0002974442753425,5.4437506100175765
21.503603603603604,5.226950253677106,5.005014108778312,5.448886398575901
21.522882882882882,5.231876517454153,5.0097294650389195,5.454023569869387
21.542162162162164,5.236802811028319,5.0144435109428525,5.459162111113786
21.561441441441442,5.241729126950324,5.019156244931269,5.46430200896938
21.58072072072072,5.246655457770889,5.023867665999658,5.46944324954212
21.6,5.251581796040735,5.028577773696126,5.474585818385345
