rt_source,rt_target,compound_id
3.136,3.076,"InChI=1S/C10H10N2O/c11-10(13)5-7-6-12-9-4-2-1-3-8(7)9/h1-4,6,12H,5H2,(H2,11,13)"
3.675,3.511,"InChI=1S/C10H11ClN4/c1-8(14-7-12)15(2)6-9-3-4-10(11)13-5-9/h3-5H,6H2,1-2H3"
3.109,3.24,"InChI=1S/C10H11NO/c12-6-5-8-7-11-10-4-2-1-3-9(8)10/h1-4,7,11-12H,5-6H2"
0.982,0.835,"InChI=1S/C10H12N4O6/c15-1-3-5(16)6(17)9(20-3)14-2-11-4-7(14)12-10(19)13-8(4)18/h2-3,5-6,9,15-17H,1H2,(H2,12,13,18,19)"
2.522,2.624,"InChI=1S/C10H12O5/c1-15-9-5-6(2-3-7(9)11)4-8(12)10(13)14/h2-3,5,8,11-12H,4H2,1H3,(H,13,14)"
4.165,4.363,"InChI=1S/C10H13ClN2O/c1-7-4-5-8(6-9(7)11)12-10(14)13(2)3/h4-6H,1-3H3,(H,12,14)"
0.604,0.783,"InChI=1S/C10H13N4O8P/c15-6-4(1-21-23(18,19)20)22-10(7(6)16)14-3-13-5-8(14)11-2-12-9(5)17/h2-4,6-7,10,15-16H,1H2,(H,11,12,17)(H2,18,19,20)"
0.607,0.797,"InChI=1S/C10H13N4O9P/c15-5-3(1-22-24(19,20)21)23-9(6(5)16)14-2-11-4-7(14)12-10(18)13-8(4)17/h2-3,5-6,9,15-16H,1H2,(H2,19,20,21)(H2,12,13,17,18)"
1.027,0.846,"InChI=1S/C10H13N5O4/c11-10-13-8-7(9(18)14-10)12-3-15(8)6-1-4(17)5(2-16)19-6/h3-6,16-17H,1-2H2,(H3,11,13,14,18)"
0.63,0.829,"InChI=1S/C10H15N2O8P/c1-5-3-12(10(15)11-9(5)14)8-2-6(13)7(20-8)4-19-21(16,17)18/h3,6-8,13H,2,4H2,1H3,(H,11,14,15)(H2,16,17,18)"
2.641,2.5,"InChI=1S/C10H15NO3S/c1-2-3-4-7-11-8-5-6-10(9-11)15(12,13)14/h5-6,8-9H,2-4,7H2,1H3"
2.897,2.858,"InChI=1S/C10H16N2O3S/c13-8(14)4-2-1-3-7-9-6(5-16-7)11-10(15)12-9/h6-7,9H,1-5H2,(H,13,14)(H2,11,12,15)"
3.013,3.055,"InChI=1S/C10H18N2O3/c1-7-8(12-10(15)11-7)5-3-2-4-6-9(13)14/h7-8H,2-6H2,1H3,(H,13,14)(H2,11,12,15)"
3.555,3.756,"InChI=1S/C10H18O3/c11-9-7-5-3-1-2-4-6-8-10(12)13/h6,8,11H,1-5,7,9H2,(H,12,13)"
3.555,3.793,"InChI=1S/C10H18O4/c11-9(12)7-5-3-1-2-4-6-8-10(13)14/h1-8H2,(H,11,12)(H,13,14)"
2.894,3.068,"InChI=1S/C10H18O5/c11-8(7-10(14)15)5-3-1-2-4-6-9(12)13/h8,11H,1-7H2,(H,12,13)(H,14,15)"
3.6,3.8665000000000003,"InChI=1S/C10H20O3/c11-9-7-5-3-1-2-4-6-8-10(12)13/h11H,1-9H2,(H,12,13)"
2.759,2.625,"InChI=1S/C10H7N3S/c1-2-4-8-7(3-1)12-10(13-8)9-5-14-6-11-9/h1-6H,(H,12,13)"
2.668,2.5324999999999998,"InChI=1S/C10H7NO3/c12-9-5-8(10(13)14)11-7-4-2-1-3-6(7)9/h1-5H,(H,11,12)(H,13,14)"
2.481,2.335,"InChI=1S/C10H7NO4/c12-7-3-1-2-5-8(13)4-6(10(14)15)11-9(5)7/h1-4,12H,(H,11,13)(H,14,15)"
3.411,3.354,"InChI=1S/C10H8ClN3O/c11-9-8(12)6-13-14(10(9)15)7-4-2-1-3-5-7/h1-6H,12H2"
3.559,3.598,"InChI=1S/C10H9NO2/c12-10(13)5-7-6-11-9-4-2-1-3-8(7)9/h1-4,6,11H,5H2,(H,12,13)"
2.805,2.645,"InChI=1S/C10H9NO3/c12-7-1-2-9-8(4-7)6(5-11-9)3-10(13)14/h1-2,4-5,11-12H,3H2,(H,13,14)"
4.316,4.417,"InChI=1S/C11H10Cl2F2N4O3S/c1-5-16-19(11(20)18(5)10(14)15)9-4-8(17-23(2,21)22)6(12)3-7(9)13/h3-4,10,17H,1-2H3"
3.854,3.92,"InChI=1S/C11H11NO2/c13-11(14)6-5-8-7-12-10-4-2-1-3-9(8)10/h1-4,7,12H,5-6H2,(H,13,14)"
3.253,3.319,"InChI=1S/C11H11NO3/c13-10(11(14)15)5-7-6-12-9-4-2-1-3-8(7)9/h1-4,6,10,12-13H,5H2,(H,14,15)"
3.392,3.456,"InChI=1S/C11H11NO3/c13-10(12-8-11(14)15)7-6-9-4-2-1-3-5-9/h1-7H,8H2,(H,12,13)(H,14,15)"
2.335,2.4095,"InChI=1S/C11H12N2O2/c12-9(11(14)15)5-7-6-13-10-4-2-1-3-8(7)10/h1-4,6,9,13H,5,12H2,(H,14,15)"
3.109,3.24,"InChI=1S/C11H13NO3/c1-8(13)12-10(11(14)15)7-9-5-3-2-4-6-9/h2-6,10H,7H2,1H3,(H,12,13)(H,14,15)"
2.46,2.462,"InChI=1S/C11H13NO4/c1-7(13)12-10(11(15)16)6-8-2-4-9(14)5-3-8/h2-5,10,14H,6H2,1H3,(H,12,13)(H,15,16)"
2.854,2.804,"InChI=1S/C11H15ClN4O2/c1-3-15(11(13-2)8-16(17)18)7-9-4-5-10(12)14-6-9/h4-6,8,13H,3,7H2,1-2H3"
2.386,2.358,"InChI=1S/C11H15N5O3S/c1-20-2-5-7(17)8(18)11(19-5)16-4-15-6-9(12)13-3-14-10(6)16/h3-5,7-8,11,17-18H,2H2,1H3,(H2,12,13,14)"
3.025,3.077,"InChI=1S/C11H17NO3S/c1-2-3-4-5-8-12-9-6-7-11(10-12)16(13,14)15/h6-7,9-10H,2-5,8H2,1H3"
3.011,3.174,"InChI=1S/C11H19N3O/c1-4-6-7-9-8(3)13-11(12-5-2)14-10(9)15/h4-7H2,1-3H3,(H2,12,13,14,15)"
0.582,0.635,"InChI=1S/C11H19NO9/c1-4(14)12-7-5(15)2-11(20,10(18)19)21-9(7)8(17)6(16)3-13/h5-9,13,15-17,20H,2-3H2,1H3,(H,12,14)(H,18,19)"
3.978,4.261,"InChI=1S/C11H20O2/c1-2-3-4-5-6-7-8-9-10-11(12)13/h2H,1,3-10H2,(H,12,13)"
4.095,4.479,"InChI=1S/C11H22O/c1-3-4-5-6-7-8-9-10-11(2)12/h3-10H2,1-2H3"
3.533,3.362,"InChI=1S/C11H8ClNO2/c1-6-4-7-2-3-8(12)9(11(14)15)10(7)13-5-6/h2-5H,1H3,(H,14,15)"
2.803,2.747,"InChI=1S/C11H8N2O/c1-2-5-9-8(4-1)12-11(13-9)10-6-3-7-14-10/h1-7H,(H,12,13)"
4.473,4.839,"InChI=1S/C11H8O3/c12-10-8-4-2-1-3-7(8)5-6-9(10)11(13)14/h1-6,12H,(H,13,14)"
3.768,3.762,"InChI=1S/C11H9NO2/c13-11(14)6-5-8-7-12-10-4-2-1-3-9(8)10/h1-7,12H,(H,13,14)"
4.258,4.38,"InChI=1S/C12H10ClN3O/c13-11-8-10(6-7-14-11)16-12(17)15-9-4-2-1-3-5-9/h1-8H,(H2,14,15,16,17)"
4.804,5.202,"InChI=1S/C12H11Cl2NO/c1-4-12(2,3)15-11(16)8-5-9(13)7-10(14)6-8/h1,5-7H,2-3H3,(H,15,16)"
4.366,4.322,"InChI=1S/C12H12ClN5O4S/c1-7-14-10(17-12(15-7)22-2)16-11(19)18-23(20,21)9-6-4-3-5-8(9)13/h3-6H,1-2H3,(H2,14,15,16,17,18,19)"
4.18,4.093,"InChI=1S/C12H13N5O6S2/c1-6-13-10(16-12(14-6)23-3)15-11(19)17-25(20,21)7-4-5-24-8(7)9(18)22-2/h4-5H,1-3H3,(H2,13,14,15,16,17,19)"
4.054,4.153,"InChI=1S/C12H13NO2/c14-12(15)7-3-4-9-8-13-11-6-2-1-5-10(9)11/h1-2,5-6,8,13H,3-4,7H2,(H,14,15)"
2.942,2.71,"InChI=1S/C12H14N2O2/c1-8(15)13-5-4-9-7-14-12-3-2-10(16)6-11(9)12/h2-3,6-7,14,16H,4-5H2,1H3,(H,13,15)"
3.345,3.508,"InChI=1S/C12H19NO3S/c1-2-3-4-5-6-9-13-10-7-8-12(11-13)17(14,15)16/h7-8,10-11H,2-6,9H2,1H3"
3.978,4.261,"InChI=1S/C12H20O4/c13-11(14)9-7-5-3-1-2-4-6-8-10-12(15)16/h7,9H,1-6,8,10H2,(H,13,14)(H,15,16)"
0.583,0.622,"InChI=1S/C12H22O11/c13-1-3-5(15)7(17)9(19)11(21-3)23-12-10(20)8(18)6(16)4(2-14)22-12/h3-20H,1-2H2"
4.095,4.479,"InChI=1S/C12H24O3/c13-11-9-7-5-3-1-2-4-6-8-10-12(14)15/h13H,1-11H2,(H,14,15)"
5.069,5.553,"InChI=1S/C12H4Cl2F6N4OS/c13-5-1-4(11(15,16)17)2-6(14)8(5)24-10(22)9(7(3-21)23-24)26(25)12(18,19)20/h1-2H,22H2"
4.684,5.01,"InChI=1S/C12H6F2N2O2/c13-12(14)17-10-3-1-2-8(11(10)18-12)9-6-16-5-7(9)4-15/h1-3,5-6,16H"
4.693,4.716,"InChI=1S/C13H12F3N5O5S/c1-25-8-6-9(26-2)19-11(18-8)20-12(22)21-27(23,24)10-7(13(14,15)16)4-3-5-17-10/h3-6H,1-2H3,(H2,18,19,20,21,22)"
3.272,3.31,"InChI=1S/C13H14N2O3/c1-8(16)15-12(13(17)18)6-9-7-14-11-5-3-2-4-10(9)11/h2-5,7,12,14H,6H2,1H3,(H,15,16)(H,17,18)"
4.943,5.077,"InChI=1S/C13H15ClN6O7S/c1-20-10(8(9(14)18-20)11(21)27-4)28(23,24)19-13(22)17-12-15-6(25-2)5-7(16-12)26-3/h5H,1-4H3,(H2,15,16,17,19,22)"
3.579,3.486,"InChI=1S/C13H16N2O2/c1-9(16)14-6-5-10-8-15-13-4-3-11(17-2)7-12(10)13/h3-4,7-8,15H,5-6H2,1-2H3,(H,14,16)"
3.998,4.166,"InChI=1S/C13H18N2O2/c16-12-10-7-4-8-11(10)14-13(17)15(12)9-5-2-1-3-6-9/h9H,1-8H2,(H,14,17)"
3.625,3.876,"InChI=1S/C13H21NO3S/c1-2-3-4-5-6-7-10-14-11-8-9-13(12-14)18(15,16)17/h8-9,11-12H,2-7,10H2,1H3"
4.274,4.174,"InChI=1S/C14H15N5O6S/c1-8-15-12(18-14(16-8)25-3)17-13(21)19-26(22,23)10-7-5-4-6-9(10)11(20)24-2/h4-7H,1-3H3,(H2,15,16,17,18,19,21)"
4.392,4.273,"InChI=1S/C14H16ClN5O5S/c1-9-16-12(19-14(17-9)24-2)18-13(21)20-26(22,23)11-6-4-3-5-10(11)25-8-7-15/h3-6H,7-8H2,1-2H3,(H2,16,17,18,19,20,21)"
4.71,5.219,"InChI=1S/C14H17Cl2NO2/c1-14(7-3-2-4-8-14)13(19)17-9-5-6-10(18)12(16)11(9)15/h5-6,18H,2-4,7-8H2,1H3,(H,17,19)"
3.868,4.207,"InChI=1S/C14H23NO3S/c1-2-3-4-5-6-7-8-11-15-12-9-10-14(13-15)19(16,17)18/h9-10,12-13H,2-8,11H2,1H3"
0.583,0.605,"InChI=1S/C14H26N4O11P2/c1-18(2,3)6-7-26-30(22,23)29-31(24,25)27-8-9-11(19)12(20)13(28-9)17-5-4-10(15)16-14(17)21/h4-5,9,11-13,19-20H,6-8H2,1-3H3,(H3-,15,16,21,22,23,24,25)"
5.246,6.806,"InChI=1S/C14H26O2/c1-2-3-4-5-6-7-8-9-10-11-12-13-14(15)16/h5-6H,2-4,7-13H2,1H3,(H,15,16)"
4.987,6.216,"InChI=1S/C14H28O3/c1-2-3-4-5-6-7-8-9-10-11-12-13(15)14(16)17/h13,15H,2-12H2,1H3,(H,16,17)"
5.14,5.602,"InChI=1S/C15H10ClF3N2O3/c16-12-4-2-1-3-11(12)13(22)21-14(23)20-9-5-7-10(8-6-9)24-15(17,18)19/h1-8H,(H2,20,21,22,23)"
3.865,3.921,"InChI=1S/C15H12I3NO4/c16-9-6-8(1-2-13(9)20)23-14-10(17)3-7(4-11(14)18)5-12(19)15(21)22/h1-4,6,12,20H,5,19H2,(H,21,22)"
3.53,3.519,"InChI=1S/C15H13I2NO4/c16-11-5-8(7-13(18)15(20)21)6-12(17)14(11)22-10-3-1-9(19)2-4-10/h1-6,13,19H,7,18H2,(H,20,21)"
4.82,5.052,"InChI=1S/C15H15ClN2O2/c1-18(2)15(19)17-12-5-9-14(10-6-12)20-13-7-3-11(16)4-8-13/h3-10H,1-2H3,(H,17,19)"
4.896,5.486,"InChI=1S/C15H17Cl2N3O/c1-15(2,3)14(21)13(20-9-18-8-19-20)6-10-4-5-11(16)7-12(10)17/h4-9,14,21H,1-3H3"
0.582,0.813,"InChI=1S/C15H24N2O17P2/c18-3-5-8(20)10(22)12(24)14(32-5)33-36(28,29)34-35(26,27)30-4-6-9(21)11(23)13(31-6)17-2-1-7(19)16-15(17)25/h1-2,5-6,8-14,18,20-24H,3-4H2,(H,26,27)(H,28,29)(H,16,19,25)"
4.091,4.523,"InChI=1S/C15H25NO3S/c1-2-3-4-5-6-7-8-9-12-16-13-10-11-15(14-16)20(17,18)19/h10-11,13-14H,2-9,12H2,1H3"
3.559,3.766,"InChI=1S/C15H27NO4/c1-5-6-7-8-9-10-15(19)20-13(11-14(17)18)12-16(2,3)4/h9-10,13H,5-8,11-12H2,1-4H3"
3.653,3.897,"InChI=1S/C15H29NO4/c1-5-6-7-8-9-10-15(19)20-13(11-14(17)18)12-16(2,3)4/h13H,5-12H2,1-4H3"
0.863,0.671,"InChI=1S/C16H22N6O4/c17-14(24)12-2-1-5-22(12)16(26)11(6-9-7-18-8-19-9)21-15(25)10-3-4-13(23)20-10/h7-8,10-12H,1-6H2,(H2,17,24)(H,18,19)(H,20,23)(H,21,25)"
0.582,0.665,"InChI=1S/C16H25N5O15P2/c17-13-7-14(19-3-18-13)21(4-20-7)15-11(26)9(24)6(33-15)2-32-37(28,29)36-38(30,31)35-16-12(27)10(25)8(23)5(1-22)34-16/h3-6,8-12,15-16,22-27H,1-2H2,(H,28,29)(H,30,31)(H2,17,18,19)"
0.583,0.802,"InChI=1S/C16H26N2O16P2/c1-6-3-18(16(25)17-14(6)24)10-2-7(20)9(31-10)5-30-35(26,27)34-36(28,29)33-15-13(23)12(22)11(21)8(4-19)32-15/h3,7-13,15,19-23H,2,4-5H2,1H3,(H,26,27)(H,28,29)(H,17,24,25)"
4.281,4.832,"InChI=1S/C16H27NO3S/c1-2-3-4-5-6-7-8-9-10-13-17-14-11-12-16(15-17)21(18,19)20/h11-12,14-15H,2-10,13H2,1H3"
3.251,3.52,"InChI=1S/C16H29N3O6S/c1-2-3-4-5-8-26-10-12(15(23)18-9-14(21)22)19-13(20)7-6-11(17)16(24)25/h11-12H,2-10,17H2,1H3,(H,18,23)(H,19,20)(H,21,22)(H,24,25)"
5.294,6.773,"InChI=1S/C16H32O3/c1-2-3-4-5-6-7-8-9-10-11-12-13-14-15(17)16(18)19/h15,17H,2-14H2,1H3,(H,18,19)"
5.358,5.774,"InChI=1S/C16H8Cl2F6N2O3/c17-7-4-6(5-8(18)12(7)29-16(23,24)14(21)22)25-15(28)26-13(27)11-9(19)2-1-3-10(11)20/h1-5,14H,(H2,25,26,27,28)"
4.826,5.059,"InChI=1S/C17H12Cl2N2O/c18-14-7-5-12(6-8-14)17(22,13-9-20-11-21-10-13)15-3-1-2-4-16(15)19/h1-11,22H"
4.229,4.027,"InChI=1S/C17H18N4O6S/c1-10-7-11(2)19-16(18-10)20-17(23)21-28(24,25)14-6-4-3-5-13(14)15(22)27-12-8-26-9-12/h3-7,12H,8-9H2,1-2H3,(H2,18,19,20,21,23)"
2.9,2.782,"InChI=1S/C17H20N4O6/c1-7-3-9-10(4-8(7)2)21(5-11(23)14(25)12(24)6-22)15-13(18-9)16(26)20-17(27)19-15/h3-4,11-12,14,22-25H,5-6H2,1-2H3,(H,20,26,27)"
3.939,3.972,"InChI=1S/C17H20N6O7S/c1-23(2)15(25)11-6-5-10(18-9-24)7-12(11)31(27,28)22-17(26)21-16-19-13(29-3)8-14(20-16)30-4/h5-9H,1-4H3,(H,18,24)(H2,19,20,21,22,26)"
4.476,4.433,"InChI=1S/C17H21N5O9S2/c1-29-13-8-14(30-2)20-16(19-13)21-17(24)22-33(27,28)12-7-10(9-18-32(4,25)26)5-6-11(12)15(23)31-3/h5-8,18H,9H2,1-4H3,(H2,19,20,21,22,24)"
0.582,0.797,"InChI=1S/C17H27N3O17P2/c1-6(22)18-10-13(26)11(24)7(4-21)35-16(10)36-39(31,32)37-38(29,30)33-5-8-12(25)14(27)15(34-8)20-3-2-9(23)19-17(20)28/h2-3,7-8,10-16,21,24-27H,4-5H2,1H3,(H,18,22)(H,29,30)(H,31,32)(H,19,23,28)"
4.461,5.139,"InChI=1S/C17H29NO3S/c1-2-3-4-5-6-7-8-9-10-11-14-18-15-12-13-17(16-18)22(19,20)21/h12-13,15-16H,2-11,14H2,1H3"
5.442,6.078,"InChI=1S/C17H8Cl2F8N2O3/c18-6-5-11(32-17(26,27)14(22)16(23,24)25)7(19)4-10(6)28-15(31)29-13(30)12-8(20)2-1-3-9(12)21/h1-5,14H,(H2,28,29,30,31)"
5.326,5.897,"InChI=1S/C17H9ClF8N2O4/c18-8-6-7(4-5-11(8)31-16(22,23)14(21)32-17(24,25)26)27-15(30)28-13(29)12-9(19)2-1-3-10(12)20/h1-6,14H,(H2,27,28,29,30)"
4.659,4.798,"InChI=1S/C18H14BrCl2N5O2/c1-9-6-10(20)7-11(17(27)22-2)15(9)24-18(28)13-8-14(19)25-26(13)16-12(21)4-3-5-23-16/h3-8H,1-2H3,(H,22,27)(H,24,28)"
3.395,3.396,"InChI=1S/C18H16O8/c19-12-4-1-10(7-14(12)21)3-6-17(23)26-16(18(24)25)9-11-2-5-13(20)15(22)8-11/h1-8,16,19-22H,9H2,(H,24,25)"
5.103,5.553,"InChI=1S/C18H17F4NO2/c1-2-16(17(24)23-11-12-6-4-3-5-7-12)25-13-8-9-15(19)14(10-13)18(20,21)22/h3-10,16H,2,11H2,1H3,(H,23,24)"
5.084,5.666,"InChI=1S/C18H24ClN3O/c1-13(2)17-8-5-15(9-14-3-6-16(19)7-4-14)18(17,23)10-22-12-20-11-21-22/h3-4,6-7,11-13,15,17,23H,5,8-10H2,1-2H3"
4.633,5.444,"InChI=1S/C18H31NO3S/c1-2-3-4-5-6-7-8-9-10-11-12-15-19-16-13-14-18(17-19)23(20,21)22/h13-14,16-17H,2-12,15H2,1H3"
5.588,6.725,"InChI=1S/C18H32O2/c1-2-3-4-5-6-7-8-9-10-11-12-13-14-15-16-17-18(19)20/h6-7,9-10H,2-5,8,11-17H2,1H3,(H,19,20)"
5.902,7.594,"InChI=1S/C18H36O2/c1-17(2)15-13-11-9-7-5-3-4-6-8-10-12-14-16-18(19)20/h17H,3-16H2,1-2H3,(H,19,20)"
5.4,5.921,"InChI=1S/C19H11F5N2O2/c20-12-6-7-16(15(21)10-12)26-17(27)14-5-2-8-25-18(14)28-13-4-1-3-11(9-13)19(22,23)24/h1-10H,(H,26,27)"
5.553,6.072,"InChI=1S/C19H12F4N2O2/c20-13-7-9-14(10-8-13)24-18(26)16-5-2-6-17(25-16)27-15-4-1-3-12(11-15)19(21,22)23/h1-11H,(H,24,26)"
2.642,2.489,"InChI=1S/C19H19N7O6/c20-19-25-15-14(17(30)26-19)23-11(8-22-15)7-21-10-3-1-9(2-4-10)16(29)24-12(18(31)32)5-6-13(27)28/h1-4,8,12,21H,5-7H2,(H,24,29)(H,27,28)(H,31,32)(H3,20,22,25,26,30)"
5.46,5.861,"InChI=1S/C19H21ClN2O/c20-16-12-10-15(11-13-16)14-22(18-8-4-5-9-18)19(23)21-17-6-2-1-3-7-17/h1-3,6-7,10-13,18H,4-5,8-9,14H2,(H,21,23)"
4.79,5.749,"InChI=1S/C19H33NO3S/c1-2-3-4-5-6-7-8-9-10-11-12-13-16-20-17-14-15-19(18-20)24(21,22)23/h14-15,17-18H,2-13,16H2,1H3"
4.447,4.833,"InChI=1S/C19H35NO4/c1-5-6-7-8-9-10-11-12-13-14-19(23)24-17(15-18(21)22)16-20(2,3)4/h13-14,17H,5-12,15-16H2,1-4H3"
4.519,4.932,"InChI=1S/C19H37NO4/c1-5-6-7-8-9-10-11-12-13-14-19(23)24-17(15-18(21)22)16-20(2,3)4/h17H,5-16H2,1-4H3"
4.053,4.44,"InChI=1S/C19H37NO5/c1-5-6-7-8-9-10-11-12-16(21)13-19(24)25-17(14-18(22)23)15-20(2,3)4/h16-17,21H,5-15H2,1-4H3"
5.564,6.579,"InChI=1S/C20H30O2/c1-2-3-4-5-6-7-8-9-10-11-12-13-14-15-16-17-18-19-20(21)22/h3-4,6-7,9-10,12-13,15-16H,2,5,8,11,14,17-19H2,1H3,(H,21,22)"
5.683,6.837,"InChI=1S/C20H32O2/c1-2-3-4-5-6-7-8-9-10-11-12-13-14-15-16-17-18-19-20(21)22/h6-7,9-10,12-13,15-16H,2-5,8,11,14,17-19H2,1H3,(H,21,22)"
5.803,7.116,"InChI=1S/C20H34O2/c1-2-3-4-5-6-7-8-9-10-11-12-13-14-15-16-17-18-19-20(21)22/h9-10,12-13,15-16H,2-8,11,14,17-19H2,1H3,(H,21,22)"
4.937,6.046,"InChI=1S/C20H35NO3S/c1-2-3-4-5-6-7-8-9-10-11-12-13-14-17-21-18-15-16-20(19-21)25(22,23)24/h15-16,18-19H,2-14,17H2,1H3"
5.606,6.241,"InChI=1S/C21H11ClF6N2O3/c22-12-8-10(21(26,27)28)4-7-17(12)33-11-5-6-16(15(25)9-11)29-20(32)30-19(31)18-13(23)2-1-3-14(18)24/h1-9H,(H2,29,30,31,32)"
3.924,3.8745000000000003,"InChI=1S/C21H28O5/c1-19-7-5-13(23)9-12(19)3-4-14-15-6-8-21(26,17(25)11-22)20(15,2)10-16(24)18(14)19/h9,14-15,18,22,26H,3-8,10-11H2,1-2H3"
4.381,4.249,"InChI=1S/C21H30O4/c1-19-8-5-14(23)11-13(19)3-4-15-16(19)6-9-20(2)17(15)7-10-21(20,25)18(24)12-22/h11,15-17,22,25H,3-10,12H2,1-2H3"
4.3870000000000005,4.247,"InChI=1S/C21H30O4/c1-20-8-7-13(23)9-12(20)3-4-14-15-5-6-16(18(25)11-22)21(15,2)10-17(24)19(14)20/h9,14-17,19,22,24H,3-8,10-11H2,1-2H3"
3.788,3.847,"InChI=1S/C21H30O5/c1-19-7-5-13(23)9-12(19)3-4-14-15-6-8-21(26,17(25)11-22)20(15,2)10-16(24)18(14)19/h9,14-16,18,22,24,26H,3-8,10-11H2,1-2H3"
4.257,4.717,"InChI=1S/C21H32O5S/c1-13(22)17-6-7-18-16-5-4-14-12-15(26-27(23,24)25)8-10-20(14,2)19(16)9-11-21(17,18)3/h4,15-19H,5-12H2,1-3H3,(H,23,24,25)"
5.081,6.328,"InChI=1S/C21H37NO3S/c1-2-3-4-5-6-7-8-9-10-11-12-13-14-15-18-22-19-16-17-21(20-22)26(23,24)25/h16-17,19-20H,2-15,18H2,1H3"
5.705,6.738,"InChI=1S/C22H32O2/c1-2-3-4-5-6-7-8-9-10-11-12-13-14-15-16-17-18-19-20-21-22(23)24/h3-4,6-7,9-10,12-13,15-16,18-19H,2,5,8,11,14,17,20-21H2,1H3,(H,23,24)"
5.809,6.97,"InChI=1S/C22H34O2/c1-2-3-4-5-6-7-8-9-10-11-12-13-14-15-16-17-18-19-20-21-22(23)24/h6-7,9-10,12-13,15-16,18-19H,2-5,8,11,14,17,20-21H2,1H3,(H,23,24)"
5.869,7.111,"InChI=1S/C22H36O2/c1-2-3-4-5-6-7-8-9-10-11-12-13-14-15-16-17-18-19-20-21-22(23)24/h6-7,9-10,12-13,15-16H,2-5,8,11,14,17-21H2,1H3,(H,23,24)"
5.963,7.34,"InChI=1S/C22H38O2/c1-2-3-4-5-6-7-8-9-10-11-12-13-14-15-16-17-18-19-20-21-22(23)24/h3-4,6-7,9-10H,2,5,8,11-21H2,1H3,(H,23,24)"
5.218,6.59,"InChI=1S/C22H39NO3S/c1-2-3-4-5-6-7-8-9-10-11-12-13-14-15-16-19-23-20-17-18-22(21-23)27(24,25)26/h17-18,20-21H,2-16,19H2,1H3"
6.057,7.671,"InChI=1S/C22H40O2/c1-2-3-4-5-6-7-8-9-10-11-12-13-14-15-16-17-18-19-20-21-22(23)24/h6-7,9-10H,2-5,8,11-21H2,1H3,(H,23,24)"
4.423,4.437,"InChI=1S/C23H32O6/c1-13(24)29-12-19(27)23(28)9-7-17-16-5-4-14-10-15(25)6-8-21(14,2)20(16)18(26)11-22(17,23)3/h10,16-18,20,26,28H,4-9,11-12H2,1-3H3"
4.465,5.098,"InChI=1S/C23H38O4/c1-13(10-21(26)27)17-6-7-18-16-5-4-14-11-15(24)8-9-22(14,2)19(16)12-20(25)23(17,18)3/h13-20,24-25H,4-12H2,1-3H3,(H,26,27)"
5.358,6.817,"InChI=1S/C23H41NO3S/c1-2-3-4-5-6-7-8-9-10-11-12-13-14-15-16-17-20-24-21-18-19-23(22-24)28(25,26)27/h18-19,21-22H,2-17,20H2,1H3"
5.198,5.802,"InChI=1S/C23H45NO4/c1-5-6-7-8-9-10-11-12-13-14-15-16-17-18-23(27)28-21(19-22(25)26)20-24(2,3)4/h21H,5-20H2,1-4H3"
4.732,5.392,"InChI=1S/C23H45NO5/c1-5-6-7-8-9-10-11-12-13-14-15-16-20(25)17-23(28)29-21(18-22(26)27)19-24(2,3)4/h20-21,25H,5-19H2,1-4H3"
4.326,4.324,"InChI=1S/C24H34O5/c1-13(4-7-21(28)29)16-5-6-17-22-18(12-20(27)24(16,17)3)23(2)9-8-15(25)10-14(23)11-19(22)26/h13-14,16-18,22H,4-12H2,1-3H3,(H,28,29)"
5.59,6.259,"InChI=1S/C24H38O3/c1-15(4-9-22(26)27)19-7-8-20-18-6-5-16-14-17(25)10-12-23(16,2)21(18)11-13-24(19,20)3/h15-16,18-21H,4-14H2,1-3H3,(H,26,27)"
4.61,5.013,"InChI=1S/C24H38O4/c1-14(4-7-21(27)28)17-5-6-18-22-19(9-11-24(17,18)3)23(2)10-8-16(25)12-15(23)13-20(22)26/h14-19,22,25H,4-13H2,1-3H3,(H,27,28)"
4.067,4.426,"InChI=1S/C24H38O5/c1-13(4-7-21(28)29)16-5-6-17-22-18(12-20(27)24(16,17)3)23(2)9-8-15(25)10-14(23)11-19(22)26/h13-19,22,25-26H,4-12H2,1-3H3,(H,28,29)"
5.2595,6.1605,"InChI=1S/C24H40O3/c1-15(4-9-22(26)27)19-7-8-20-18-6-5-16-14-17(25)10-12-23(16,2)21(18)11-13-24(19,20)3/h15-21,25H,4-14H2,1-3H3,(H,26,27)"
4.4785,5.0695,"InChI=1S/C24H40O4/c1-14(4-7-21(27)28)17-5-6-18-22-19(9-11-24(17,18)3)23(2)10-8-16(25)12-15(23)13-20(22)26/h14-20,22,25-26H,4-13H2,1-3H3,(H,27,28)"
4.3134999999999994,4.709,"InChI=1S/C24H40O4/c1-14(4-7-22(27)28)17-5-6-18-16-13-21(26)20-12-15(25)8-10-24(20,3)19(16)9-11-23(17,18)2/h14-21,25-26H,4-13H2,1-3H3,(H,27,28)"
4.656,5.447,"InChI=1S/C24H40O4/c1-14(4-9-22(27)28)18-7-8-19-17-6-5-15-12-16(25)10-11-23(15,2)20(17)13-21(26)24(18,19)3/h14-21,25-26H,4-13H2,1-3H3,(H,27,28)"
4.977,5.956,"InChI=1S/C24H40O4/c1-14(7-10-21(27)28)16-8-9-17-22-18(13-20(26)24(16,17)3)23(2)11-5-4-6-15(23)12-19(22)25/h14-20,22,25-26H,4-13H2,1-3H3,(H,27,28)"
4.04,4.332,"InChI=1S/C24H40O5/c1-13(4-7-19(26)27)15-5-6-16-20-17(9-11-23(15,16)2)24(3)10-8-14(25)12-18(24)21(28)22(20)29/h13-18,20-22,25,28-29H,4-12H2,1-3H3,(H,26,27)"
4.092,4.7005,"InChI=1S/C24H40O5/c1-13(4-7-21(28)29)16-5-6-17-22-18(12-20(27)24(16,17)3)23(2)9-8-15(25)10-14(23)11-19(22)26/h13-20,22,25-27H,4-12H2,1-3H3,(H,28,29)"
3.621,4.135,"InChI=1S/C24H40O8S/c1-13(4-7-21(27)28)16-5-6-17-22-18(12-20(26)24(16,17)3)23(2)9-8-15(25)10-14(23)11-19(22)32-33(29,30)31/h13-20,22,25-26H,4-12H2,1-3H3,(H,27,28)(H,29,30,31)"
5.486,7.028,"InChI=1S/C24H43NO3S/c1-2-3-4-5-6-7-8-9-10-11-12-13-14-15-16-17-18-21-25-22-19-20-24(23-25)29(26,27)28/h19-20,22-23H,2-18,21H2,1H3"
5.406,5.364,"InChI=1S/C25H24F6N4/c1-23(2)15-32-22(33-16-23)35-34-21(13-7-17-3-9-19(10-4-17)24(26,27)28)14-8-18-5-11-20(12-6-18)25(29,30)31/h3-14H,15-16H2,1-2H3,(H2,32,33,35)"
5.612,7.179,"InChI=1S/C25H45NO3S/c1-2-3-4-5-6-7-8-9-10-11-12-13-14-15-16-17-18-19-22-26-23-20-21-25(24-26)30(27,28)29/h20-21,23-24H,2-19,22H2,1H3"
4.791,5.48,"InChI=1S/C26H43NO4/c1-16(4-9-23(29)27-15-24(30)31)20-7-8-21-19-6-5-17-14-18(28)10-12-25(17,2)22(19)11-13-26(20,21)3/h16-22,28H,4-15H2,1-3H3,(H,27,29)(H,30,31)"
4.233,4.766,"InChI=1S/C26H43NO5/c1-15(4-7-22(30)27-14-23(31)32)18-5-6-19-24-20(9-11-26(18,19)3)25(2)10-8-17(28)12-16(25)13-21(24)29/h15-21,24,28-29H,4-14H2,1-3H3,(H,27,30)(H,31,32)"
3.971,4.299,"InChI=1S/C26H43NO5/c1-15(4-7-23(30)27-14-24(31)32)18-5-6-19-17-13-22(29)21-12-16(28)8-10-26(21,3)20(17)9-11-25(18,19)2/h15-22,28-29H,4-14H2,1-3H3,(H,27,30)(H,31,32)"
4.278,4.873,"InChI=1S/C26H43NO5/c1-15(4-9-23(30)27-14-24(31)32)19-7-8-20-18-6-5-16-12-17(28)10-11-25(16,2)21(18)13-22(29)26(19,20)3/h15-22,28-29H,4-14H2,1-3H3,(H,27,30)(H,31,32)"
3.8600000000000003,4.286,"InChI=1S/C26H43NO6/c1-14(4-7-22(31)27-13-23(32)33)17-5-6-18-24-19(12-21(30)26(17,18)3)25(2)9-8-16(28)10-15(25)11-20(24)29/h14-21,24,28-30H,4-13H2,1-3H3,(H,27,31)(H,32,33)"
4.1075,5.004,"InChI=1S/C26H45NO5S/c1-17(4-9-24(29)27-14-15-33(30,31)32)21-7-8-22-20-6-5-18-16-19(28)10-12-25(18,2)23(20)11-13-26(21,22)3/h17-23,28H,4-16H2,1-3H3,(H,27,29)(H,30,31,32)"
3.6395,4.168,"InChI=1S/C26H45NO6S/c1-16(4-7-23(30)27-12-13-34(31,32)33)19-5-6-20-24-21(9-11-26(19,20)3)25(2)10-8-18(28)14-17(25)15-22(24)29/h16-22,24,28-29H,4-15H2,1-3H3,(H,27,30)(H,31,32,33)"
3.787,4.479,"InChI=1S/C26H45NO6S/c1-16(4-9-24(30)27-12-13-34(31,32)33)20-7-8-21-19-6-5-17-14-18(28)10-11-25(17,2)22(19)15-23(29)26(20,21)3/h16-23,28-29H,4-15H2,1-3H3,(H,27,30)(H,31,32,33)"
3.315,3.626,"InChI=1S/C26H45NO7S/c1-15(4-7-21(29)27-12-13-35(32,33)34)17-5-6-18-22-19(9-11-25(17,18)2)26(3)10-8-16(28)14-20(26)23(30)24(22)31/h15-20,22-24,28,30-31H,4-14H2,1-3H3,(H,27,29)(H,32,33,34)"
3.506,3.987,"InChI=1S/C26H45NO7S/c1-15(4-7-23(31)27-10-11-35(32,33)34)18-5-6-19-24-20(14-22(30)26(18,19)3)25(2)9-8-17(28)12-16(25)13-21(24)29/h15-22,24,28-30H,4-14H2,1-3H3,(H,27,31)(H,32,33,34)"
5.098,5.72,"InChI=1S/C27H42O4/c1-16(6-5-7-17(2)25(30)31)20-8-9-21-24-22(11-13-27(20,21)4)26(3)12-10-19(28)14-18(26)15-23(24)29/h14,16-17,20-24,29H,5-13,15H2,1-4H3,(H,30,31)"
5.99,6.923,"InChI=1S/C37H53NO8/c1-21(2)14-25(6)33-26(7)31(38-42-8)19-36(46-33)18-29-17-28(45-36)13-12-23(4)15-22(3)10-9-11-27-20-43-34-32(39)24(5)16-30(35(40)44-29)37(27,34)41/h9-12,14,16,21-22,26,28-30,32-34,39,41H,13,15,17-20H2,1-8H3"
0.561,0.622,"InChI=1S/C3H7NO5S/c4-2(3(5)6)1-10(7,8)9/h2H,1,4H2,(H,5,6)(H,7,8,9)"
5.477,6.628,"InChI=1S/C48H72O14/c1-11-25(2)43-28(5)17-18-47(62-43)23-34-20-33(61-47)16-15-27(4)42(26(3)13-12-14-32-24-55-45-40(49)29(6)19-35(46(51)58-34)48(32,45)52)59-39-22-37(54-10)44(31(8)57-39)60-38-21-36(53-9)41(50)30(7)56-38/h12-15,17-19,25-26,28,30-31,33-45,49-50,52H,11,16,20-24H2,1-10H3"
5.712,7.202,"InChI=1S/C48H74O14/c1-11-25(2)43-28(5)17-18-47(62-43)23-34-20-33(61-47)16-15-27(4)42(26(3)13-12-14-32-24-55-45-40(49)29(6)19-35(46(51)58-34)48(32,45)52)59-39-22-37(54-10)44(31(8)57-39)60-38-21-36(53-9)41(50)30(7)56-38/h12-15,19,25-26,28,30-31,33-45,49-50,52H,11,16-18,20-24H2,1-10H3"
1.488,1.573,"InChI=1S/C4H10NO3PS/c1-4(6)5-9(7,8-2)10-3/h1-3H3,(H,5,6,7)"
0.698,0.685,"InChI=1S/C4H4N2O2/c7-3-1-2-5-4(8)6-3/h1-2H,(H2,5,6,7,8)"
0.792,0.812,"InChI=1S/C4H4O4/c5-3(6)1-2-4(7)8/h1-2H,(H,5,6)(H,7,8)"
0.61,0.661,"InChI=1S/C4H6N4O3/c5-3(10)6-1-2(9)8-4(11)7-1/h1H,(H3,5,6,10)(H2,7,8,9,11)"
0.868,0.986,"InChI=1S/C4H6O4/c1-2(3(5)6)4(7)8/h2H,1H3,(H,5,6)(H,7,8)"
0.862,0.865,"InChI=1S/C4H6O4/c5-3(6)1-2-4(7)8/h1-2H2,(H,5,6)(H,7,8)"
2.059,2.354,"InChI=1S/C5H10O3S/c1-9-3-2-4(6)5(7)8/h4,6H,2-3H2,1H3,(H,7,8)"
0.611,0.671,"InChI=1S/C5H4N2O4/c8-3-1-2(4(9)10)6-5(11)7-3/h1H,(H,9,10)(H2,6,7,8,11)"
0.723,0.668,"InChI=1S/C5H4N4O3/c10-3-1-2(7-4(11)6-1)8-5(12)9-3/h(H4,6,7,8,9,10,11,12)"
0.6745,0.6925,"InChI=1S/C5H6N2O4/c8-3-1-2(4(9)10)6-5(11)7-3/h2H,1H2,(H,9,10)(H2,6,7,8,11)"
1.327,1.578,"InChI=1S/C5H6O4/c1-3(5(8)9)2-4(6)7/h1-2H2,(H,6,7)(H,8,9)"
1.192,1.0975000000000001,"InChI=1S/C5H6O4/c1-3(5(8)9)2-4(6)7/h2H,1H3,(H,6,7)(H,8,9)"
0.65,0.753,"InChI=1S/C5H6O5/c6-3(5(9)10)1-2-4(7)8/h1-2H2,(H,7,8)(H,9,10)"
1.848,2.338,InChI=1S/C5H8O2/c6-5-3-1-2-4-7-5/h1-4H2
0.981,1.515,"InChI=1S/C5H8O3/c1-3(2)4(6)5(7)8/h3H,1-2H3,(H,7,8)"
0.58,0.61,"InChI=1S/C5H8O3/c1-4(6)3-5(7)8-2/h3H2,1-2H3"
1.095,1.241,"InChI=1S/C5H8O4/c6-4(7)2-1-3-5(8)9/h1-3H2,(H,6,7)(H,8,9)"
0.721,0.772,"InChI=1S/C5H8O5/c6-3(1-4(7)8)2-5(9)10/h3,6H,1-2H2,(H,7,8)(H,9,10)"
0.699,0.79,"InChI=1S/C5H8O5/c6-3(5(9)10)1-2-4(7)8/h3,6H,1-2H2,(H,7,8)(H,9,10)"
0.632,0.671,"InChI=1S/C6H10N2O4/c1-3(9)8-4(6(11)12)2-5(7)10/h4H,2H2,1H3,(H2,7,10)(H,8,9)(H,11,12)"
1.984,2.398,"InChI=1S/C6H10O4/c1-10-6(9)4-2-3-5(7)8/h2-4H2,1H3,(H,7,8)"
1.842,2.342,"InChI=1S/C6H10O4/c1-4(2-5(7)8)3-6(9)10/h4H,2-3H2,1H3,(H,7,8)(H,9,10)"
1.984,2.398,"InChI=1S/C6H10O4/c1-4(6(9)10)2-3-5(7)8/h4H,2-3H2,1H3,(H,7,8)(H,9,10)"
1.892,2.3360000000000003,"InChI=1S/C6H10O4/c7-5(8)3-1-2-4-6(9)10/h1-4H2,(H,7,8)(H,9,10)"
0.836,0.8845000000000001,"InChI=1S/C6H10O5/c1-6(11,2-4(7)8)3-5(9)10/h11H,2-3H2,1H3,(H,7,8)(H,9,10)"
0.5705,0.605,"InChI=1S/C6H10O7/c7-1-2(8)4(5(10)11)13-6(12)3(1)9/h1-4,6-9,12H,(H,10,11)"
1.005,0.901,"InChI=1S/C6H11NO3/c1-5(8)7-4-2-3-6(9)10/h2-4H2,1H3,(H,7,8)(H,9,10)"
0.583,0.612,"InChI=1S/C6H11NO3/c8-4-1-2-5(6(9)10)7-3-4/h4-5,7-8H,1-3H2,(H,9,10)"
0.801,0.855,"InChI=1S/C6H12O4/c1-6(10,2-3-7)4-5(8)9/h7,10H,2-4H2,1H3,(H,8,9)"
0.58,0.61,InChI=1S/C6H12O6/c7-1-2(8)4(10)6(12)5(11)3(1)9/h1-12H
0.58,0.61,"InChI=1S/C6H12O6/c7-1-2-3(8)4(9)5(10)6(11)12-2/h2-11H,1H2"
0.58,0.61,"InChI=1S/C6H12O6/c7-1-3(9)5(11)6(12)4(10)2-8/h3,5-9,11-12H,1-2H2"
0.58,0.61,"InChI=1S/C6H12O6/c7-1-3-4(9)5(10)6(11,2-8)12-3/h3-5,7-11H,1-2H2"
0.58,0.61,"InChI=1S/C6H12O6/c7-2-6(11)5(10)4(9)3(8)1-12-6/h3-5,7-11H,1-2H2"
0.583,0.6205,"InChI=1S/C6H12O7/c7-1-2(8)3(9)4(10)5(11)6(12)13/h2-5,7-11H,1H2,(H,12,13)"
0.559,0.649,"InChI=1S/C6H13O9P/c7-1-2-3(8)4(9)5(10)6(14-2)15-16(11,12)13/h2-10H,1H2,(H2,11,12,13)"
0.559,0.649,"InChI=1S/C6H13O9P/c7-1-3(8)5(10)6(11)4(9)2-15-16(12,13)14/h4-7,9-11H,1-2H2,(H2,12,13,14)"
0.56,0.6585000000000001,"InChI=1S/C6H13O9P/c7-3-2(1-14-16(11,12)13)15-6(10)5(9)4(3)8/h2-10H,1H2,(H2,11,12,13)"
0.561,0.605,"InChI=1S/C6H14NO8P/c7-3-5(9)4(8)2(15-6(3)10)1-14-16(11,12)13/h2-6,8-10H,1,7H2,(H2,11,12,13)"
2.759,2.666,"InChI=1S/C6H6N4S/c1-11-6-4-5(8-2-7-4)9-3-10-6/h2-3H,1H3,(H,7,8,9,10)"
0.747,0.875,"InChI=1S/C6H6O6/c7-4(8)1-3(6(11)12)2-5(9)10/h1H,2H2,(H,7,8)(H,9,10)(H,11,12)"
0.627,0.607,"InChI=1S/C6H7NO3S/c1-7-4-2-3-6(5-7)11(8,9)10/h2-5H,1H3"
0.836,0.852,"InChI=1S/C6H8O6/c7-4(8)1-3(6(11)12)2-5(9)10/h3H,1-2H2,(H,7,8)(H,9,10)(H,11,12)"
0.7,0.617,"InChI=1S/C6H8O7/c7-3(8)1-6(13,5(11)12)2-4(9)10/h13H,1-2H2,(H,7,8)(H,9,10)(H,11,12)"
0.703,0.779,"InChI=1S/C6H9NO5/c1-3(8)7-4(6(11)12)2-5(9)10/h4H,2H2,1H3,(H,7,8)(H,9,10)(H,11,12)"
2.545,2.773,"InChI=1S/C7H12O4/c1-5(4-7(10)11)2-3-6(8)9/h5H,2-4H2,1H3,(H,8,9)(H,10,11)"
2.595,2.764,"InChI=1S/C7H12O4/c8-6(9)4-2-1-3-5-7(10)11/h1-5H2,(H,8,9)(H,10,11)"
2.288,2.658,"InChI=1S/C7H12O5/c1-2-3-4(6(9)10)5(8)7(11)12/h4-5,8H,2-3H2,1H3,(H,9,10)(H,11,12)"
2.177,2.661,"InChI=1S/C7H12O5/c1-4(2)7(12,6(10)11)3-5(8)9/h4,12H,3H2,1-2H3,(H,8,9)(H,10,11)"
0.585,0.638,"InChI=1S/C7H12O6/c8-3-1-7(13,6(11)12)2-4(9)5(3)10/h3-5,8-10,13H,1-2H2,(H,11,12)"
2.106,2.497,"InChI=1S/C7H13NO3/c1-3-5(2)7(11)8-4-6(9)10/h5H,3-4H2,1-2H3,(H,8,11)(H,9,10)"
2.433,2.536,"InChI=1S/C7H13NO3S/c1-5(9)8-6(7(10)11)3-4-12-2/h6H,3-4H2,1-2H3,(H,8,9)(H,10,11)"
2.553,2.394,"InChI=1S/C7H14N4O3/c1-8-7(10-11(12)13)9-4-6-2-3-14-5-6/h6H,2-5H2,1H3,(H2,8,9,10)"
2.573,2.731,InChI=1S/C7H6O/c8-6-7-4-2-1-3-5-7/h1-6H
2.569,2.645,"InChI=1S/C7H6O4/c8-4-1-2-6(9)5(3-4)7(10)11/h1-3,8-9H,(H,10,11)"
2.57,2.328,"InChI=1S/C7H8N4O2/c1-10-3-8-5-4(10)6(12)11(2)7(13)9-5/h3H,1-2H3,(H,9,13)"
2.57,2.328,"InChI=1S/C7H8N4O2/c1-10-5-4(8-3-9-5)6(12)11(2)7(10)13/h3H,1-2H3,(H,8,9)"
0.654,0.688,"InChI=1S/C7H8O5/c8-4-1-3(7(11)12)2-5(9)6(4)10/h1,5-6,9-10H,2H2,(H,11,12)"
0.804,0.659,"InChI=1S/C7H9NO3S/c1-2-8-5-3-4-7(6-8)12(9,10)11/h3-6H,2H2,1H3"
2.968,3.137,"InChI=1S/C8H14O4/c9-7(10)5-3-1-2-4-6-8(11)12/h1-6H2,(H,9,10)(H,11,12)"
2.076,2.38,"InChI=1S/C8H14O5/c9-6(5-8(12)13)3-1-2-4-7(10)11/h6,9H,1-5H2,(H,10,11)(H,12,13)"
2.779,3.088,"InChI=1S/C8H15NO3/c1-5(2)4-7(8(11)12)9-6(3)10/h5,7H,4H2,1-3H3,(H,9,10)(H,11,12)"
0.582,0.616,"InChI=1S/C8H16N2O3/c1-6(11)10-7(8(12)13)4-2-3-5-9/h7H,2-5,9H2,1H3,(H,10,11)(H,12,13)"
0.605,0.638,"InChI=1S/C8H16N2O4S2/c9-5(7(11)12)1-3-15-16-4-2-6(10)8(13)14/h5-6H,1-4,9-10H2,(H,11,12)(H,13,14)"
1.382,0.858,"InChI=1S/C8H7NO3/c1-4-7(10)6-5(2-9-4)3-12-8(6)11/h2,10H,3H2,1H3"
2.62,2.749,"InChI=1S/C8H7NO4S/c10-14(11,12)13-8-5-9-7-4-2-1-3-6(7)8/h1-5,9H,(H,10,11,12)"
2.192,2.398,"InChI=1S/C8H8O2/c1-7(9)10-8-5-3-2-4-6-8/h2-6H,1H3"
2.192,2.398,"InChI=1S/C8H8O2/c9-8(10)6-7-4-2-1-3-5-7/h1-5H,6H2,(H,9,10)"
2.573,2.731,"InChI=1S/C8H8O3/c9-7(8(10)11)6-4-2-1-3-5-6/h1-5,7,9H,(H,10,11)"
2.646,2.729,"InChI=1S/C8H8O3/c9-7-3-1-6(2-4-7)5-8(10)11/h1-4,9H,5H2,(H,10,11)"
1.469,1.512,"InChI=1S/C8H8O4/c9-6-1-2-7(10)5(3-6)4-8(11)12/h1-3,9-10H,4H2,(H,11,12)"
1.47,1.64,"InChI=1S/C8H8O4/c9-6-3-1-2-5(4-6)7(10)8(11)12/h1-4,7,9-10H,(H,11,12)"
1.401,0.852,"InChI=1S/C8H9NO4/c1-4-7(11)6(8(12)13)5(3-10)2-9-4/h2,10-11H,3H2,1H3,(H,12,13)"
4.286,4.529,"InChI=1S/C9H10Cl2N2O/c1-13(2)9(14)12-6-3-4-7(10)8(11)5-6/h3-5H,1-2H3,(H,12,14)"
3.581,3.38,"InChI=1S/C9H10ClN5O2/c10-8-2-1-7(5-12-8)6-14-4-3-11-9(14)13-15(16)17/h1-2,5H,3-4,6H2,(H,11,13)"
1.634,1.798,"InChI=1S/C9H10N2O5/c10-6(9(13)14)3-5-1-2-8(12)7(4-5)11(15)16/h1-2,4,6,12H,3,10H2,(H,13,14)"
3.051,3.233,"InChI=1S/C9H10O3/c10-8(9(11)12)6-7-4-2-1-3-5-7/h1-5,8,10H,6H2,(H,11,12)"
2.192,2.398,"InChI=1S/C9H10O4/c1-13-8-4-6(5-9(11)12)2-3-7(8)10/h2-4,10H,5H2,1H3,(H,11,12)"
2.333,2.476,"InChI=1S/C9H10O4/c10-7-3-1-2-6(4-7)8(11)5-9(12)13/h1-4,8,10-11H,5H2,(H,12,13)"
2.1945,2.398,"InChI=1S/C9H10O4/c10-7-3-1-6(2-4-7)5-8(11)9(12)13/h1-4,8,10-11H,5H2,(H,12,13)"
1.4209999999999998,1.3305,"InChI=1S/C9H10O5/c1-14-7-4-5(2-3-6(7)10)8(11)9(12)13/h2-4,8,10-11H,1H3,(H,12,13)"
0.582,0.616,"InChI=1S/C9H12N3O7P/c10-5-1-2-12(9(14)11-5)8-7-6(4(3-13)17-8)18-20(15,16)19-7/h1-2,4,6-8,13H,3H2,(H,15,16)(H2,10,11,14)"
0.582,0.668,"InChI=1S/C9H13N2O9P/c12-5-1-2-11(9(15)10-5)8-7(14)6(13)4(20-8)3-19-21(16,17)18/h1-2,4,6-8,13-14H,3H2,(H,10,12,15)(H2,16,17,18)"
2.084,1.286,"InChI=1S/C9H13NO3S/c1-2-3-6-10-7-4-5-9(8-10)14(11,12)13/h4-5,7-8H,2-3,6H2,1H3"
0.604,0.635,"InChI=1S/C9H14N3O7P/c10-7-1-2-12(9(14)11-7)8-3-5(13)6(19-8)4-18-20(15,16)17/h1-2,5-6,8,13H,3-4H2,(H2,10,11,14)(H2,15,16,17)"
0.582,0.619,"InChI=1S/C9H14N3O8P/c10-5-1-2-12(9(15)11-5)8-7(14)6(13)4(20-8)3-19-21(16,17)18/h1-2,4,6-8,13-14H,3H2,(H2,10,11,15)(H2,16,17,18)"
0.56,0.553,"InChI=1S/C9H14N4O3/c10-2-1-8(14)13-7(9(15)16)3-6-4-11-5-12-6/h4-5,7H,1-3,10H2,(H,11,12)(H,13,14)(H,15,16)"
0.607,0.665,"InChI=1S/C9H15N4O8P/c10-7-4(8(11)16)12-2-13(7)9-6(15)5(14)3(21-9)1-20-22(17,18)19/h2-3,5-6,9,14-15H,1,10H2,(H2,11,16)(H2,17,18,19)"
4.414,4.339,"InChI=1S/C9H15N5O7S2/c1-14(22(4,16)17)23(18,19)13-9(15)12-8-10-6(20-2)5-7(11-8)21-3/h5H,1-4H3,(H2,10,11,12,13,15)"
3.273,3.465,"InChI=1S/C9H16O4/c10-8(11)6-4-2-1-3-5-7-9(12)13/h1-7H2,(H,10,11)(H,12,13)"
3.002,3.054,"InChI=1S/C9H6F3N3O/c10-9(11,12)7-1-3-14-5-6(7)8(16)15-4-2-13/h1,3,5H,4H2,(H,15,16)"
3.534,3.483,"InChI=1S/C9H7NO/c11-6-7-5-10-9-4-2-1-3-8(7)9/h1-6,10H"
3.395,3.417,"InChI=1S/C9H7NO2/c11-9(12)7-5-10-8-4-2-1-3-6(7)8/h1-5,10H,(H,11,12)"
3.859,3.936,"InChI=1S/C9H8N4OS/c14-9(12-8-6-10-13-15-8)11-7-4-2-1-3-5-7/h1-6H,(H2,11,12,14)"
3.159,3.1,"InChI=1S/C9H8O3/c10-8-4-1-7(2-5-8)3-6-9(11)12/h1-6,10H,(H,11,12)"
2.829,2.764,"InChI=1S/C9H8O4/c10-7-3-1-6(5-8(7)11)2-4-9(12)13/h1-5,10-11H,(H,12,13)"
2.874,2.846,"InChI=1S/C9H9I2NO3/c10-5-1-4(2-6(11)8(5)13)3-7(12)9(14)15/h1-2,7,13H,3,12H2,(H,14,15)"
2.758,2.798,"InChI=1S/C9H9NO3/c11-8(12)6-10-9(13)7-4-2-1-3-5-7/h1-5H,6H2,(H,10,13)(H,11,12)"
