rt_source,rt_target_predicted,ci_lower,ci_upper
0.771,0.7949707994104084,-1.4647469979344243,3.054688596755241
0.7750380380380381,0.8006591873798451,-1.4579932117290242,3.059311586488714
0.7790760760760761,0.8063475753492819,-1.4512410203292994,3.063936171027863
0.7831141141141141,0.8120359633187187,-1.4444904259907876,3.0685623526282253
0.7871521521521522,0.8177243512881553,-1.4377414309698866,3.0731901335461975
0.7911901901901902,0.823412739257592,-1.430994037523838,3.0778195160390216
0.7952282282282283,0.8291011272270287,-1.424248247910715,3.082450502364772
0.7992662662662663,0.8347895151964652,-1.4175040643894103,3.087083094782341
0.8033043043043043,0.8404779031659019,-1.4107614892196185,3.0917172955514225
0.8073423423423424,0.846166291135338,-1.4040205246618236,3.0963531069325
0.8113803803803804,0.8518546791047743,-1.397281172977283,3.1009905311868318
0.8154184184184184,0.8575430670742105,-1.390543436428016,3.1056295705764367
0.8194564564564565,0.8632314550436465,-1.3838073172767875,3.1102702273640808
0.8234944944944945,0.868919843013082,-1.3770728177870937,3.1149125038132577
0.8275325325325326,0.8746082309825176,-1.3703399402231458,3.1195564021881808
0.8315705705705706,0.8802966189519531,-1.3636086868498594,3.124201924753766
0.8356086086086086,0.8859850069213885,-1.3568790599328353,3.1288490737756125
0.8396466466466467,0.8916733948908238,-1.3501510617383492,3.133497851519997
0.8436846846846847,0.8973617828602587,-1.3434246945333317,3.138148260253849
0.8477227227227228,0.9030501708296931,-1.3366999605853573,3.1428003022447433
0.8517607607607608,0.9087385587991276,-1.3299768621626273,3.1474539797608823
0.8557987987987988,0.9144269467685618,-1.323255401533956,3.15210929507108
0.8598368368368369,0.9201153347379957,-1.316535580968755,3.156766250444746
0.8638748748748749,0.9258037227074292,-1.3098174027370173,3.1614248481518756
0.867912912912913,0.9314921106768626,-1.3031008691093027,3.166085090463028
0.871950950950951,0.9371804986462955,-1.296385982356722,3.170746979649313
0.875988988988989,0.9428688866157284,-1.2896727447509224,3.175410517982379
0.8800270270270271,0.9485572745851608,-1.282961158564071,3.180075707734393
0.8840650650650651,0.9542456625545926,-1.2762512260688386,3.184742551178024
0.8881031031031031,0.9599340505240246,-1.269542949538386,3.1894110505864353
0.8921411411411412,0.965622438493456,-1.2628363312463473,3.1940812082332593
0.8961791791791792,0.9713108264628869,-1.2561313734668125,3.1987530263925863
0.9002172172172173,0.9769992144323176,-1.2494280784743144,3.20342650733895
0.9042552552552553,0.9826876024017476,-1.2427264485438108,3.2081016533473057
0.9082932932932933,0.9883759903711775,-1.236026485950668,3.212778466693023
0.9123313313313314,0.9940643783406067,-1.2293281929706468,3.21745694965186
0.9163693693693694,0.9997527663100358,-1.2226315718798841,3.222137104499956
0.9204074074074075,1.005441154279464,-1.2159366249548793,3.2268189335138073
0.9244454454454455,1.0111295422488917,-1.209243354472474,3.2315024389702574
0.9284834834834835,1.0168179302183193,-1.2025517627098385,3.2361876231464772
0.9325215215215216,1.022506318187747,-1.195861851944455,3.2408744883199487
0.9365595595595596,1.0281947061571735,-1.1891736244541022,3.2455630367684494
0.9405975975975976,1.0338830941265986,-1.1824870825168354,3.250253270770033
0.9446356356356357,1.0395714820960245,-1.175802228410971,3.25494519260302
0.9486736736736737,1.0452598700654496,-1.1691190644150717,3.259638804545971
0.9527117117117118,1.0509482580348737,-1.162437592807929,3.2643341088776765
0.9567497497497498,1.0566366460042977,-1.1557578158685429,3.2690311078771384
0.9607877877877878,1.0623250339737214,-1.149079735876111,3.273729803823554
0.9648258258258258,1.0680134219431439,-1.142403355110006,3.2784301989962934
0.9688638638638638,1.0737018099125657,-1.1357286758497604,3.283132295674892
0.9729019019019018,1.079390197881987,-1.1290557003750517,3.287836096139026
0.9769399399399399,1.0850785858514083,-1.1223844309656792,3.2925416026684955
0.9809779779779779,1.0907669738208277,-1.1157148699015556,3.2972488175432106
0.985016016016016,1.0964553617902475,-1.1090470194626796,3.3019577430431744
0.989054054054054,1.102143749759667,-1.1023808819291256,3.3066683814484596
0.993092092092092,1.107832137729085,-1.095716459581025,3.3113807350391946
0.9971301301301301,1.1135205256985026,-1.089053754698545,3.31609480609555
1.0011681681681681,1.119208913667919,-1.0823927695618751,3.3208105968977133
1.0052062062062062,1.1248973016373356,-1.0757335064512057,3.3255281097258766
1.0092442442442442,1.1305856896067503,-1.0690759676467145,3.330247346860215
1.0132822822822822,1.136274077576165,-1.062420155428544,3.334968310580874
1.0173203203203203,1.1419624655455793,-1.055766072076787,3.3396910031679456
1.0213583583583583,1.1476508535149923,-1.0491137198714673,3.3444154269014517
1.0253963963963963,1.153339241484405,-1.042463101092521,3.3491415840613312
1.0294344344344344,1.1590276294538158,-1.0358142180197807,3.353869476927412
1.0334724724724724,1.1647160174232274,-1.0291670729329507,3.3585991077794057
1.0375105105105105,1.170404405392637,-1.0225216681116007,3.3633304788968745
1.0415485485485485,1.176092793362046,-1.0158780058351335,3.3680635925592255
1.0455865865865865,1.1817811813314543,-1.0092360883827767,3.372798451045685
1.0496246246246246,1.1874695693008614,-1.0025959180335595,3.377535056635282
1.0536626626626626,1.1931579572702684,-0.9959574970662952,3.382273411606832
1.0577007007007007,1.1988463452396738,-0.9893208277595642,3.387013518238912
1.0617387387387387,1.2045347332090786,-0.9826859123916902,3.3917553788098473
1.0657767767767767,1.2102231211784829,-0.9760527532407282,3.396498995597694
1.0698148148148148,1.2159115091478856,-0.9694213525844402,3.401244370880211
1.0738528528528528,1.2215998971172881,-0.9627917127002787,3.405991506934855
1.0778908908908909,1.2272882850866882,-0.956163835865369,3.4107404060387454
1.081928928928929,1.232976673056089,-0.9495377243564835,3.4154910704686614
1.085966966966967,1.2386650610254881,-0.9429133804500325,3.420243502501009
1.090005005005005,1.2443534489948862,-0.9362908064220388,3.424997704411811
1.094043043043043,1.2500418369642832,-0.9296700045481163,3.4297536784766827
1.098081081081081,1.2557302249336801,-0.9230509771034565,3.4345114269708166
1.102119119119119,1.2614186129030756,-0.9164337263628075,3.4392709521689584
1.1061571571571571,1.2671070008724694,-0.9098182546004501,3.444032256345389
1.1101951951951952,1.2727953888418622,-0.903204564090184,3.4487953417739083
1.1142332332332332,1.2784837768112545,-0.8965926571053027,3.4535602107278116
1.1182712712712712,1.2841721647806452,-0.8899825359185811,3.4583268654798713
1.1223093093093093,1.289860552750036,-0.883374202802246,3.463095308302318
1.1263473473473473,1.2955489407194243,-0.8767676600279679,3.4678655414668165
1.1303853853853854,1.3012373286888121,-0.8701629098668286,3.472637567244453
1.1344234234234234,1.3069257166581987,-0.8635599545893116,3.477411387905709
1.1384614614614614,1.3126141046275843,-0.8569587964652752,3.482187005720444
1.1424994994994995,1.3183024925969682,-0.8503594377639385,3.486964422957875
1.1465375375375375,1.3239908805663516,-0.8437618807538523,3.4917436418865555
1.1505755755755755,1.3296792685357335,-0.8371661277028897,3.4965246647743564
1.1546136136136136,1.3353676565051151,-0.8305721808782176,3.501307493888448
1.1586516516516516,1.341056044474494,-0.8239800425462809,3.5060921314952687
1.1626896896896897,1.346744432443873,-0.8173897149727771,3.510878579860523
1.1667277277277277,1.3524328204132505,-0.810801200422643,3.515666841249144
1.1707657657657657,1.358121208382625,-0.8042145011600295,3.5204569179252796
1.1748038038038038,1.3638095963520012,-0.7976296194482753,3.5252488121522774
1.1788418418418418,1.3694979843213746,-0.7910465575499024,3.5300425261926516
1.1828798798798799,1.3751863722907474,-0.7844653177265775,3.534838062308072
1.186917917917918,1.3808747602601177,-0.7778859022391049,3.53963542275934
1.190955955955956,1.3865631482294885,-0.7713083133473928,3.5444346098063697
1.194993993993994,1.392251536198856,-0.7647325533104483,3.5492356257081603
1.199032032032032,1.397939924168223,-0.7581586243863401,3.5540384727227865
1.20307007007007,1.4036283121375885,-0.751586528832187,3.558843153107364
1.207108108108108,1.4093167001069538,-0.7450162689041337,3.5636496691180413
1.2111461461461461,1.4150050880763165,-0.7384478468573337,3.568458023009967
1.2151841841841842,1.420693476045679,-0.7318812649459201,3.5732682170372785
1.2192222222222222,1.4263818640150383,-0.725316525422993,3.5780802534530696
1.2232602602602602,1.4320702519843975,-0.7187536305405893,3.5828941345093845
1.2272982982982983,1.4377586399537552,-0.7121925825496691,3.5877098624571797
1.2313363363363363,1.4434470279231109,-0.7056333837000914,3.592527439546313
1.2353743743743744,1.4491354158924654,-0.699076036240589,3.59734686802552
1.2394124124124124,1.4548238038618198,-0.6925205424187515,3.602168150142391
1.2434504504504504,1.4605121918311708,-0.6859669044810046,3.6069912881433464
1.2474884884884885,1.4662005798005218,-0.6794151246725797,3.6118162842736234
1.2515265265265265,1.4718889677698708,-0.6728652052375033,3.616643140777245
1.2555645645645646,1.4775773557392178,-0.6663171484185684,3.621471859897004
1.2596026026026026,1.4832657437085637,-0.6597709564573118,3.6263024438744393
1.2636406406406406,1.4889541316779085,-0.653226631593997,3.631134894949814
1.2676786786786787,1.494642519647251,-0.6466841760675883,3.63596921536209
1.2717167167167167,1.5003309076165923,-0.6401435921157288,3.640805407348913
1.2757547547547547,1.5060192955859322,-0.6336048819747215,3.6456434731465857
1.2797927927927928,1.5117076835552703,-0.6270680478795028,3.6504834149900436
1.2838308308308308,1.5173960715246066,-0.6205330920636218,3.6553252351128354
1.2878688688688689,1.5230844594939421,-0.6140000167592199,3.6601689357471043
1.291906906906907,1.5287728474632742,-0.6074688241970061,3.6650145191235546
1.295944944944945,1.5344612354326073,-0.6009395166062321,3.669861987471447
1.299982982982983,1.5401496234019378,-0.5944120962146779,3.6747113430185534
1.304021021021021,1.5458380113712664,-0.5878865652486214,3.679562587991154
1.308059059059059,1.5515263993405921,-0.5813629259328184,3.6844157246140026
1.312097097097097,1.5572147873099178,-0.5748411804904778,3.6892707551103134
1.3161351351351351,1.5629031752792415,-0.5683213311432451,3.694127681701728
1.3201731731731732,1.5685915632485634,-0.5618033801111721,3.698986506608299
1.3242112112112112,1.5742799512178838,-0.5552873296126992,3.7038472320484668
1.3282492492492493,1.5799683391872024,-0.5487731818646298,3.7087098602390345
1.3322872872872873,1.5856567271565185,-0.542260939082108,3.7135743933951453
1.3363253253253253,1.5913451151258338,-0.5357506034785953,3.718440833730263
1.3403633633633634,1.597033503095147,-0.5292421772658478,3.723309183456142
1.3444014014014014,1.602721891064458,-0.5227356626538939,3.72817944478281
1.3484394394394394,1.6084102790337682,-0.5162310618510091,3.7330516199185455
1.3524774774774775,1.614098667003076,-0.5097283770636951,3.737925711069847
1.3565155155155155,1.6197870549723818,-0.5032276104966544,3.742801720441418
1.3605535535535536,1.6254754429416856,-0.496728764352768,3.7476796502361394
1.3645915915915916,1.6311638309109888,-0.4902318408330708,3.7525595026550485
1.3686296296296296,1.6368522188802894,-0.4837368421367316,3.7574412798973107
1.3726676676676677,1.6425406068495876,-0.4772437704610255,3.762324984160201
1.3767057057057057,1.6482289948188846,-0.47075262800131057,3.76721061763908
1.3807437437437438,1.6539173827881801,-0.4642634169510069,3.772098182527367
1.3847817817817818,1.6596057707574736,-0.45777613950157314,3.7769876810165206
1.3888198198198198,1.665294158726765,-0.4512907978424794,3.781879115296009
1.3928578578578579,1.6709825466960535,-0.44480739416118564,3.786772487553293
1.396895895895896,1.6766709346653412,-0.4383259306431162,3.7916677999737987
1.400933933933934,1.6823593226346265,-0.4318464094716403,3.7965650547408933
1.404971971971972,1.6880477106039098,-0.4253688328280425,3.801464254035862
1.40901001001001,1.693736098573192,-0.4188932028915009,3.806365400037885
1.413048048048048,1.6994244865424704,-0.4124195218390687,3.8112684949240094
1.417086086086086,1.7051128745117479,-0.4059477918456367,3.8161735408691326
1.4211241241241241,1.7108012624810232,-0.3994780150839241,3.8210805400459704
1.4251621621621622,1.7164896504502973,-0.39301019372444435,3.825989494625039
1.4292002002002002,1.7221780384195688,-0.3865443299354867,3.8309004067746244
1.4332382382382383,1.7278664263888392,-0.38008042588308677,3.8358132786607655
1.4372762762762763,1.7335548143581068,-0.37361848373100837,3.8407281124472217
1.4413143143143143,1.7392432023273714,-0.36715850564071406,3.845644910295457
1.4453523523523524,1.7449315902966354,-0.3607004937713407,3.8505636743646114
1.4493903903903904,1.7506199782658949,-0.3542444502796829,3.8554844068114726
1.4534284284284285,1.7563083662351548,-0.3477903773201527,3.8604071097904624
1.4574664664664665,1.7619967542044113,-0.3413382770447764,3.865331785453599
1.4615045045045045,1.7676851421736661,-0.33488815160314966,3.8702584359504817
1.4655425425425426,1.773373530142919,-0.3284400031424257,3.875187063428264
1.4695805805805806,1.7790619181121694,-0.3219938338072881,3.880117670031627
1.4736186186186186,1.7847503060814178,-0.31554964573992095,3.8850502579027566
1.4776566566566567,1.7904386940506636,-0.30910744107999166,3.889984829181319
1.4816946946946947,1.7961270820199071,-0.3026672219646205,3.8949213860044347
1.4857327327327328,1.8018154699891495,-0.2962289905283566,3.899859930506656
1.4897707707707708,1.8075038579583895,-0.2897927489031582,3.904800464819937
1.4938088088088088,1.8131922459276264,-0.2833584992183622,3.909742991073615
1.4978468468468469,1.8188806338968617,-0.27692624360065965,3.914687511394383
1.501884884884885,1.824569021866094,-0.2704959841740753,3.9196340279062634
1.505922922922923,1.8302574098353253,-0.2640677230599344,3.924582542730585
1.509960960960961,1.8359457978045528,-0.25764146237685015,3.9295330579859558
1.513998998998999,1.8416341857737792,-0.2512172042406837,3.9344855757882424
1.518037037037037,1.847322573743004,-0.24479495076453128,3.939440098250539
1.5220750750750751,1.8530109617122246,-0.23837470405869676,3.9443966274831457
1.5261131131131132,1.8586993496814432,-0.23195646623065724,3.949355165593544
1.5301511511511512,1.8643877376506606,-0.22554023938504897,3.95431571468637
1.5341891891891892,1.8700761256198748,-0.21912602562363914,3.9592782768633885
1.5382272272272273,1.8757645135890864,-0.21271382704529818,3.964242854223471
1.5422652652652653,1.8814529015582955,-0.20630364574597504,3.969209448862566
1.5463033033033033,1.8871412895275035,-0.19989548381867284,3.97417806287368
1.5503413413413414,1.8928296774967082,-0.19348934335342505,3.979148698346841
1.5543793793793794,1.8985180654659104,-0.1870852264372671,3.984121357369088
1.5584174174174175,1.9042064534351106,-0.18068313515421153,3.989096042024433
1.5624554554554555,1.9098948414043082,-0.1742830715852255,3.9940727543938417
1.5664934934934935,1.9155832293735036,-0.16788503780820108,3.999051496555208
1.5705315315315316,1.9212716173426956,-0.1614890358979335,4.004032270583325
1.5745695695695696,1.9269600053118858,-0.15509506792609207,4.009015078549863
1.5786076076076077,1.9326483932810739,-0.14870313596119722,4.013999922523345
1.5826456456456457,1.9383367812502592,-0.14231324206859597,4.018986804569114
1.5866836836836837,1.944025169219441,-0.13592538831043344,4.023975726749315
1.5907217217217218,1.949713557188622,-0.12953957674562622,4.02896669112287
1.5947597597597598,1.9554019451577995,-0.12315580942984172,4.0339596997454406
1.5987977977977978,1.9610903331269744,-0.11677408841546955,4.038954754669419
1.6028358358358359,1.9667787210961465,-0.11039441575159437,4.043951857943887
1.606873873873874,1.9724671090653172,-0.10401679348397153,4.048951011614606
1.610911911911912,1.9781554970344835,-0.0976412236550055,4.053952217723973
1.61494994994995,1.9838438850036486,-0.09126770830371345,4.0589554783110104
1.618987987987988,1.9895322729728102,-0.08489624946571261,4.063960795411333
1.623026026026026,1.9952206609419698,-0.07852684917318387,4.068968171057124
1.6270640640640641,2.000909048911126,-0.07215950945485261,4.073977607277104
1.6311021021021022,2.0065974368802806,-0.06579423233595749,4.078989106096518
1.6351401401401402,2.0122858248494317,-0.059431019838231514,4.084002669537095
1.6391781781781782,2.0179742128185807,-0.0530698739798674,4.089018299617029
1.6432162162162163,2.0236626007877265,-0.046710796775500274,4.094035998350954
1.6472542542542543,2.0293509887568706,-0.04035379023617569,4.099055767749917
1.6512922922922924,2.0350393767260115,-0.033998856369327424,4.104077609821351
1.6553303303303304,2.0407277646951494,-0.02764599717874816,4.109101526569047
1.6593683683683684,2.0464161526642837,-0.021295214664567297,4.114127519993135
1.6634064064064065,2.0521045406334166,-0.01494651082321985,4.119155592090053
1.6674444444444445,2.057792928602546,-0.008599887647427806,4.12418574485252
1.6714824824824825,2.0634813165716728,-0.002255347126166818,4.129217980269512
1.6755205205205206,2.069169704540796,0.004087108755354674,4.134252300326237
1.6795585585585586,2.0748580925099183,0.010427478015727853,4.139288707004109
1.6835965965965967,2.080546480479037,0.016765758677358633,4.144327202280715
1.6876346346346347,2.086234868448152,0.02310194876650362,4.149367788129801
1.6916726726726727,2.0919232564172656,0.029436046313294106,4.154410466521237
1.6957107107107108,2.097611644386375,0.035768049351757814,4.159455239420993
1.6997487487487488,2.1033000323554822,0.04209795591985088,4.164502108791114
1.7037867867867869,2.108988420324586,0.048425764059479626,4.169551076589692
1.707824824824825,2.114676808293688,0.054751471816529396,4.174602144770847
1.711862862862863,2.120365196262786,0.0610750772408859,4.179655315284686
1.715900900900901,2.126053584231881,0.06739657838646806,4.184710590077294
1.719938938938939,2.1317419722009734,0.07371597331125157,4.189767971090696
1.723976976976977,2.1374303601700633,0.08003326007729106,4.194827460262836
1.728015015015015,2.14311874813915,0.08634843675075166,4.199889059527548
1.7320530530530531,2.148807136108234,0.09266150140193208,4.204952770814536
1.7360910910910912,2.1544955240773143,0.09897245210529038,4.210018596049338
1.7401291291291292,2.160183912046393,0.10528128693947503,4.2150865371533115
1.7441671671671672,2.1658723000154674,0.11158800398734225,4.2201565960435925
1.7482052052052053,2.1715606879845386,0.11789260133599111,4.225228774633086
1.7522432432432433,2.177249075953608,0.12419507707678434,4.230303074830432
1.7562812812812814,2.1829374639226726,0.13049542930537417,4.235379498539971
1.7603193193193194,2.1886258518917363,0.13679365612173378,4.240458047661739
1.7643573573573574,2.194314239860795,0.14308975563017556,4.245538724091414
1.7683953953953955,2.200002627829852,0.14938372593938487,4.25062152972032
1.7724334334334335,2.2056910157989043,0.1556755651624382,4.25570646643537
1.7764714714714716,2.211379403767954,0.16196527141684003,4.260793536119069
1.7805095095095096,2.2170677917370014,0.16825284282453845,4.265882740649465
1.7845475475475476,2.2227561797060447,0.17453827751195528,4.270974081900134
1.7885855855855857,2.228444567675084,0.18082157361001228,4.276067561740156
1.7926236236236237,2.23413295564412,0.18710272925416005,4.28116318203408
1.7966616616616617,2.2398213436131527,0.19338174258439889,4.286260944641906
1.8006996996996998,2.2455097315821804,0.19965861174530675,4.2913608514190535
1.8047377377377378,2.2511981195512054,0.20593333488606902,4.296462904216342
1.8087757757757759,2.256886507520226,0.21220591016049806,4.301567104879954
1.812813813813814,2.262574895489242,0.21847633572706382,4.3066734552514205
1.816851851851852,2.268263283458255,0.2247446097489192,4.31178195716759
1.82088988988989,2.2739516714272616,0.23101073039392261,4.316892612460601
1.824927927927928,2.2796400593962667,0.23727469583467364,4.32200542295786
1.828965965965966,2.2853284473652655,0.24353650424852358,4.3271203904820075
1.833004004004004,2.2910168353342604,0.24979615381761544,4.332237516850905
1.8370420420420421,2.296705223303251,0.2560536427289035,4.337356803877599
1.8410800800800802,2.3023936112722367,0.26230896917417823,4.342478253370295
1.8451181181181182,2.3080819992412174,0.26856213135009765,4.347601867132337
1.8491561561561562,2.313770387210194,0.2748131274582071,4.352727646962181
1.8531941941941943,2.3194587751791644,0.28106195570496695,4.357855594653362
1.8572322322322323,2.325147163148131,0.28730861430178356,4.362985711994478
1.8612702702702704,2.3308355511170924,0.2935531014650268,4.368118000769158
1.8653083083083084,2.3365239390860473,0.2997954154160598,4.373252462756035
1.8693463463463464,2.3422123270549977,0.3060355543812685,4.378389099728727
1.8733843843843845,2.3479007150239433,0.3122735165920809,4.383527913455806
1.8774224224224225,2.3535891029928835,0.3185093002849966,4.38866890570077
1.8814604604604606,2.3592774909618175,0.3247429037016101,4.393812078222025
1.8854984984984986,2.364965878930746,0.3309743250886399,4.3989574327728524
1.8895365365365366,2.370654266899668,0.3372035626979515,4.404104971101384
1.8935745745745747,2.3763426548685853,0.34343061478658443,4.409254694950587
1.8976126126126127,2.382031042837496,0.3496554796167759,4.414406606058216
1.9016506506506508,2.3877194308064014,0.35587815545599,4.419560706156813
1.9056886886886888,2.3934078187753007,0.36209864057693864,4.424716996973663
1.9097267267267268,2.3990962067441943,0.3683169332576113,4.429875480230777
1.9137647647647649,2.4047845947130804,0.37453303178129493,4.435036157644866
1.917802802802803,2.41047298268196,0.38074693443660923,4.440199030927311
1.921840840840841,2.4161613706508343,0.3869586395175224,4.445364101784146
1.925878878878879,2.421849758619701,0.3931681453233793,4.450531371916023
1.929916916916917,2.4275381465885633,0.3993754501589315,4.455700843018195
1.933954954954955,2.433226534557417,0.4055805523343534,4.46087251678048
1.937992992992993,2.4389149225262647,0.4117834501652782,4.466046394887251
1.9420310310310311,2.4446033104951055,0.4179841419728145,4.4712224790173964
1.9460690690690692,2.4502916984639387,0.42418262608357615,4.476400770844301
1.9501071071071072,2.4559800864327648,0.43037890082970653,4.4815812720358235
1.9541451451451453,2.4616684744015846,0.4365729645489038,4.4867639842542655
1.9581831831831833,2.467356862370397,0.44276481558444347,4.491948909156351
1.9622212212212213,2.473045250339202,0.4489544522852089,4.4971360483931955
1.9662592592592594,2.478733638307999,0.45514187300570885,4.502325403610289
1.9702972972972974,2.48442202627679,0.4613270761061119,4.507516976447468
1.9743353353353355,2.4901104142455726,0.4675100599522608,4.512710768538884
1.9783733733733735,2.4957988022143462,0.4736908229157062,4.517906781512986
1.9824114114114115,2.5014871901831146,0.47986936337372876,4.523105016992501
1.9864494494494496,2.5071755781518728,0.48604567970935886,4.528305476594387
1.9904874874874876,2.5128639661206247,0.4922197703114115,4.533508161929838
1.9945255255255256,2.518552354089368,0.4983916335745002,4.538713074604236
1.9985635635635637,2.5242407420581037,0.5045612678990707,4.543920216217137
2.0026016016016017,2.5299291300268307,0.5107286716914188,4.549129588362243
2.0066396396396398,2.535617517995548,0.516893843363718,4.554341192627378
2.010677677677678,2.5413059059642595,0.5230567813340494,4.55955503059447
2.014715715715716,2.546994293932961,0.529217484026411,4.564771103839511
2.018753753753754,2.5526826819016546,0.5353759498707604,4.569989413932548
2.022791791791792,2.5583710698703395,0.5415321773030248,4.575209962437654
2.02682982982983,2.564059457839016,0.5476861647651345,4.580432750912897
2.030867867867868,2.5697478458076826,0.5538379107050404,4.585657780910324
2.034905905905906,2.5754362337763412,0.5599874135767466,4.590885053975936
2.038943943943944,2.5811246217449906,0.5661346718403251,4.596114571649656
2.042981981981982,2.586813009713631,0.5722796839619448,4.601346335465317
2.04702002002002,2.592501397682262,0.5784224484138969,4.6065803469506275
2.051058058058058,2.5981897856508827,0.5845629636746144,4.611816607627151
2.0550960960960962,2.6038781736194947,0.5907012282287019,4.6170551190102875
2.0591341341341343,2.6095665615880974,0.5968372405669551,4.62229588260924
2.0631721721721723,2.6152549495566926,0.6029709991863856,4.627538899927
2.0672102102102103,2.6209433375252758,0.609102502590241,4.63278417246031
2.0712482482482484,2.6266317254938483,0.615231749288037,4.63803170169966
2.0752862862862864,2.6323201134624123,0.6213587377955774,4.643281489129247
2.0793243243243245,2.6380085014309675,0.6274834666349731,4.648533536226962
2.0833623623623625,2.643696889399511,0.6336059343346698,4.653787844464352
2.0874004004004005,2.6493852773680437,0.6397261394294698,4.659044415306617
2.0914384384384386,2.6550736653365687,0.6458440804605621,4.664303250212575
2.0954764764764766,2.660762053305082,0.6519597559755321,4.669564350634632
2.0995145145145147,2.666450441273586,0.6580731645283979,4.674827718018774
2.1035525525525527,2.672138829242078,0.6641843046796247,4.680093353804532
2.1075905905905907,2.677827217210561,0.6702931749961554,4.685361259424966
2.1116286286286288,2.6835156051790316,0.6763997740514252,4.690631436306639
2.115666666666667,2.6892039931474945,0.6825041004253949,4.695903885869594
2.119704704704705,2.6948923811159435,0.6886061527045579,4.701178609527329
2.123742742742743,2.7005807690843833,0.6947059294819846,4.706455608686782
2.127780780780781,2.7062691570528115,0.7008034293573253,4.711734884748298
2.131818818818819,2.711957545021229,0.7068986509368442,4.717016439105613
2.135856856856857,2.717645932989634,0.7129915928334372,4.722300273145831
2.139894894894895,2.723334320958028,0.719082253666659,4.727586388249398
2.143932932932933,2.729022708926412,0.7251706320627402,4.7328747857900835
2.147970970970971,2.734711096894784,0.7312567266546122,4.738165467134956
2.152009009009009,2.7403994848631443,0.7373405360819287,4.74345843364436
2.156047047047047,2.7460878728314935,0.74342205899109,4.748753686671897
2.1600850850850852,2.7517762607998306,0.7495012940352623,4.754051227564399
2.1641231231231233,2.757464648768156,0.7555782398744011,4.7593510576619105
2.1681611611611613,2.7631530367364694,0.761652895175275,4.764653178297664
2.1721991991991993,2.7688414247047692,0.7677252586114807,4.769957590798057
2.1762372372372374,2.7745298126730593,0.7737953288634771,4.775264296482641
2.1802752752752754,2.780218200641335,0.7798631046185918,4.780573296664079
2.1843133133133135,2.7859065886096026,0.7859285845710597,4.785884592648145
2.1883513513513515,2.7915949765778545,0.7919917674220229,4.791198185733686
2.1923893893893895,2.797283364546095,0.7980526518795763,4.796514077212613
2.1964274274274276,2.8029717525143223,0.8041112366587699,4.801832268369875
2.2004654654654656,2.808660140482538,0.8101675204816425,4.807152760483434
2.2045035035035037,2.814348528450737,0.8162215020772294,4.812475554824244
2.2085415415415417,2.820036916418927,0.822273180181607,4.817800652656247
2.2125795795795797,2.825725304387105,0.8283225535378855,4.8231280552363245
2.2166176176176178,2.831413692355268,0.8343696208962443,4.828457763814292
2.220655655655656,2.837102080323421,0.8404143810139597,4.833789779632882
2.224693693693694,2.8427904682915575,0.8464568326554056,4.839124103927709
2.228731731731732,2.84847885625968,0.8524969745920954,4.844460737927265
2.23276976976977,2.8541672442277917,0.8585348056026918,4.8497996828528915
2.236807807807808,2.8598556321958886,0.8645703244730252,4.855140939918752
2.240845845845846,2.8655440201639735,0.8706035299961203,4.860484510331826
2.244883883883884,2.871232408132044,0.8766344209722117,4.8658303952918764
2.248921921921922,2.8769207961000998,0.8826629962087642,4.871178595991435
2.25295995995996,2.882609184068142,0.8886892545204998,4.876529113615784
2.256997997997998,2.888297572036172,0.89471319472941,4.881881949342934
2.261036036036036,2.8939859600041857,0.9007348156647734,4.887237104343598
2.2650740740740742,2.8996743479721876,0.9067541161631887,4.8925945797811865
2.2691121121121123,2.9053627359401752,0.9127710950685783,4.897954376811772
2.2731501501501503,2.9110511239081474,0.9187857512322168,4.903316496584078
2.2771881881881884,2.9167395118761053,0.9247980835127521,4.908680940239458
2.2812262262262264,2.92242789984405,0.9308080907762202,4.9140477089118795
2.2852642642642644,2.9281162878119757,0.9368157718960601,4.919416803727891
2.2893023023023025,2.933804675779893,0.942821125753154,4.924788225806632
2.2933403403403405,2.939493063747793,0.948824151235812,4.9301619762597735
2.2973783783783785,2.9451814517156794,0.9548248472398233,4.935538056191535
2.3014164164164166,2.950869839683548,0.9608232126684528,4.940916466698643
2.3054544544544546,2.9565582276514055,0.9668192464324799,4.946297208870331
2.3094924924924927,2.9622466156192453,0.9728129474501939,4.9516802837882965
2.3135305305305307,2.967935003587068,0.9788043146474299,4.957065692526706
2.3175685685685687,2.9736233915548786,0.9847933469575878,4.9624534361521695
2.3216066066066063,2.979311779522675,0.9907800433216365,4.967843515723713
2.3256446446446444,2.9850001674904525,0.9967644026881388,4.973235932292766
2.3296826826826824,2.9906885554582177,1.0027464240132813,4.978630686903154
2.3337207207207205,2.996376943425965,1.00872610626087,4.98402778059106
2.3377587587587585,3.002065331393696,1.0147034484023663,4.989427214385026
2.3417967967967965,3.0077537193614154,1.0206784494169043,4.994828989305926
2.3458348348348346,3.0134421073291153,1.026651108291287,5.000233106366943
2.3498728728728726,3.0191304952967997,1.0326214240200324,5.005639566573567
2.3539109109109106,3.024818883264471,1.0385893956053773,5.0110483709235645
2.3579489489489487,3.030507271232125,1.0445550220572863,5.016459520406963
2.3619869869869867,3.036195659199761,1.0505183023934836,5.0218730160060385
2.3660250250250248,3.0418840471673794,1.056479235639463,5.027288858695296
2.370063063063063,3.047572435134984,1.0624378208285115,5.032707049441457
2.374101101101101,3.053260823102573,1.068394057001713,5.038127589203433
2.378139139139139,3.0589492110701424,1.0743479432079717,5.043550478932313
2.382177177177177,3.0646375990376953,1.0802994785040358,5.048975719571355
2.386215215215215,3.070325987005234,1.086248661954507,5.05440331205596
2.390253253253253,3.076014374972754,1.0921954926318511,5.059833257313657
2.394291291291291,3.0817027629402594,1.0981399696164273,5.065265556264091
2.398329329329329,3.0873911509077456,1.1040820919964909,5.070700209819
2.402367367367367,3.0930795388752155,1.1100218588682211,5.076137218882209
2.406405405405405,3.098767926842667,1.115959269335728,5.081576584349606
2.410443443443443,3.104456314810102,1.1218943225110745,5.08701830710913
2.4144814814814812,3.110144702777521,1.1278270175142895,5.092462388040753
2.4185195195195193,3.115833090744921,1.1337573534733767,5.0979088280164655
2.4225575575575573,3.1215214787123022,1.1396853295243408,5.103357627900264
2.4265955955955953,3.1272098666796664,1.1456109448111993,5.108808788548133
2.4306336336336334,3.1328982546470137,1.1515341984859953,5.114262310808032
2.4346716716716714,3.138586642614343,1.1574550897088105,5.119718195519876
2.4387097097097095,3.1442750305816554,1.1633736176477854,5.125176443515525
2.4427477477477475,3.149963418548949,1.169289781479129,5.130637055618768
2.4467857857857855,3.155651806516224,1.1752035803871368,5.136100032645311
2.4508238238238236,3.161340194483482,1.181115013564207,5.141565375402757
2.4548618618618616,3.1670285824507194,1.1870240802108445,5.1470330846905945
2.4588998998998997,3.17271697041794,1.192930779535691,5.1525031613001895
2.4629379379379377,3.1784053583851426,1.1988351107555244,5.157975606014761
2.4669759759759757,3.1840937463523264,1.2047370730952804,5.163450419609372
2.4710140140140138,3.1897821343194903,1.2106366657880625,5.168927602850918
2.475052052052052,3.1954705222866355,1.216533888075161,5.17440715649811
2.47909009009009,3.2011589102537643,1.222428739206063,5.179889081301465
2.483128128128128,3.2068472982208722,1.2283212184384593,5.185373378003285
2.487166166166166,3.2125356861879606,1.2342113250382707,5.190860047337651
2.491204204204204,3.2182240741550316,1.2400990582796527,5.19634909003041
2.495242242242242,3.2239124621220836,1.245984417445008,5.201840506799159
2.49928028028028,3.229600850089114,1.2518674018250002,5.207334298353228
2.503318318318318,3.2352892380561276,1.2577480107185754,5.2128304653936794
2.507356356356356,3.2409776260231196,1.263626243432955,5.218329008613284
2.511394394394394,3.246666013990093,1.2695020992836692,5.223829928696516
2.515432432432432,3.252354401957047,1.2753755775945566,5.229333226319538
2.5194704704704702,3.2580427899239814,1.2812466776977782,5.234838902150185
2.5235085085085083,3.2637311778908953,1.2871153989338315,5.240346956847959
2.5275465465465463,3.2694195658577887,1.2929817406515618,5.245857391064016
2.5315845845845844,3.2751079538246635,1.2988457022081759,5.251370205441151
2.5356226226226224,3.2807963417915174,1.304707282969246,5.256885400613789
2.5396606606606604,3.2864847297583517,1.3105664823087306,5.262402977207973
2.5436986986986985,3.292173117725166,1.3164232996089795,5.267922935841352
2.5477367367367365,3.297861505691959,1.3222777342607452,5.273445277123173
2.5517747747747745,3.3035498936587313,1.328129785663198,5.2789700016542644
2.5558128128128126,3.3092382816254844,1.3339794532239353,5.284497110027034
2.5598508508508506,3.314926669592216,1.3398267363589866,5.290026602825446
2.5638888888888887,3.320615057558928,1.3456716344928328,5.295558480625023
2.5679269269269267,3.3263034455256184,1.3515141470584082,5.301092743992829
2.5719649649649647,3.331991833492288,1.3573542734971185,5.306629393487458
2.5760030030030028,3.337680221458939,1.3631920132588473,5.312168429659031
2.580041041041041,3.3433686094255677,1.369027365801961,5.317709853049174
2.584079079079079,3.349056997392176,1.3748603305933274,5.323253664191025
2.588117117117117,3.354745385358764,1.3806909071083207,5.328799863609207
2.592155155155155,3.36043377332533,1.3865190948308301,5.33434845181983
2.596193193193193,3.3661221612918766,1.3923448932532734,5.33989942933048
2.600231231231231,3.3718105492584014,1.3981683018765994,5.3454527966402035
2.604269269269269,3.377498937224906,1.4039893202103042,5.351008554239508
2.608307307307307,3.383187325191389,1.4098079477724348,5.356566702610343
2.612345345345345,3.3888757131578524,1.4156241840896018,5.362127242226103
2.616383383383383,3.394564101124294,1.4214380286969817,5.3676901735516065
2.620421421421421,3.400252489090714,1.4272494811383325,5.373255497043096
2.6244594594594592,3.4059408770571147,1.4330585409660008,5.3788232131482285
2.6284974974974973,3.411629265023493,1.4388652077409232,5.384393322306063
2.6325355355355353,3.417317652989851,1.444669481032643,5.389965824947058
2.6365735735735734,3.4230060409561878,1.4504713604193131,5.395540721493062
2.6406116116116114,3.4286944289225043,1.4562708454877036,5.401118012357305
2.6446496496496494,3.4343828168887987,1.4620679358332103,5.406697697944387
2.6486876876876875,3.4400712048550717,1.4678626310598633,5.41227977865028
2.6527257257257255,3.4457595928213225,1.4736549307803315,5.417864254862313
2.6567637637637636,3.451447980787554,1.4794448346159348,5.423451126959174
2.6608018018018016,3.4571363687537655,1.4852323421966442,5.429040395310887
2.6648398398398396,3.462824756719953,1.4910174531610874,5.434632060278818
2.6688778778778777,3.4685131446861193,1.4968001671565678,5.4402261222156705
2.6729159159159157,3.474201532652265,1.5025804838390586,5.445822581465471
2.6769539539539537,3.4798899206183886,1.5083584028732129,5.451421438363564
2.680991991991992,3.4855783085844925,1.5141339239323728,5.457022693236612
2.68503003003003,3.4912666965505723,1.519907046698566,5.462626346402579
2.689068068068068,3.4969550845166335,1.5256777708625282,5.468232398170739
2.693106106106106,3.502643472482671,1.531446096123688,5.473840848841654
2.697144144144144,3.5083318604486884,1.537212022190192,5.479451698707185
2.701182182182182,3.5140202484146843,1.5429755487788956,5.485064948050473
2.70522022022022,3.5197086363806576,1.548736675615375,5.49068059714594
2.709258258258258,3.525397024346611,1.5544954024339344,5.496298646259287
2.713296296296296,3.5310854123125406,1.560251728977601,5.50191909564748
2.717334334334334,3.536773800278449,1.5660056549981414,5.507541945558756
2.721372372372372,3.5424621882443357,1.571757180256059,5.5131671962326125
2.72541041041041,3.548150576210201,1.5775063045206008,5.518794847899802
2.7294484484484483,3.553838964176045,1.5832530275697612,5.5244249007823285
2.7334864864864863,3.5595273521418673,1.5889973491902838,5.530057355093451
2.7375245245245243,3.565215740107665,1.5947392691776663,5.535692211037664
2.7415625625625624,3.5709041280734444,1.6004787873361743,5.541329468810714
2.7456006006006004,3.5765925160392,1.6062159034788235,5.546969128599576
2.7496386386386384,3.582280904004933,1.6119506174274036,5.552611190582462
2.7536766766766765,3.5879692919706465,1.6176829290124728,5.5582556549288205
2.7577147147147145,3.593657679936337,1.6234128380733575,5.563902521799316
2.7617527527527526,3.599346067902005,1.629140344458162,5.569551791345848
2.7657907907907906,3.605034455867651,1.6348654480237683,5.575203463711533
2.7698288288288286,3.610722843833275,1.6405881486358398,5.58085753903071
2.7738668668668667,3.6164112317988772,1.646308446168822,5.586514017428932
2.7779049049049047,3.6220996197644553,1.6520263405059432,5.592172899022968
2.7819429429429428,3.6277880077300133,1.6577418315392258,5.597834183920801
2.785980980980981,3.633476395695549,1.663454919169476,5.603497872221622
2.790019019019019,3.639164783661062,1.6691656033062914,5.609163964015832
2.794057057057057,3.644853171626552,1.6748738838680652,5.614832459385038
2.798095095095095,3.6505415595920203,1.6805797607819837,5.620503358402057
2.802133133133133,3.656229947557467,1.6862832339840301,5.626176661130904
2.806171171171171,3.6619183355228913,1.6919843034189819,5.6318523676268
2.810209209209209,3.6676067234882916,1.6976829690404147,5.637530477936169
2.814247247247247,3.6732951114536703,1.7033792308107065,5.643210992096634
2.818285285285285,3.678983499419027,1.7090730887010326,5.648893910137022
2.822323323323323,3.684671887384361,1.7147645426913667,5.654579232077355
2.826361361361361,3.690360275349673,1.7204535927704852,5.660266957928861
2.830399399399399,3.6960486633149605,1.726140238935962,5.665957087693959
2.8344374374374373,3.701737051280227,1.7318244811941765,5.671649621366277
2.8384754754754753,3.7074254392454713,1.7375063195603058,5.677344558930637
2.8425135135135133,3.7131138272106914,1.743185754058324,5.683041900363059
2.8465515515515514,3.71880221517589,1.7488627847210119,5.688741645630769
2.8505895895895894,3.724490603141065,1.7545374115899421,5.694443794692187
2.8546276276276275,3.730178991106219,1.7602096347154936,5.700148347496944
2.8586656656656655,3.735867379071349,1.7658794541568346,5.705855303985863
2.8627037037037035,3.741555767036455,1.7715468699819343,5.711564664090976
2.8667417417417416,3.7472441550015407,1.777211882267559,5.717276427735523
2.8707797797797796,3.752932542966602,1.7828744910992629,5.722990594833941
2.8748178178178176,3.7586209309316403,1.7885346965713966,5.728707165291884
2.8788558558558557,3.7643093188966557,1.7941924987871005,5.734426139006211
2.8828938938938937,3.769997706861649,1.7998478978583035,5.740147515864994
2.8869319319319318,3.7756860948266198,1.8055008939057215,5.745871295747518
2.89096996996997,3.7813744827915667,1.8111514870588517,5.751597478524282
2.895008008008008,3.787062870756492,1.8167996774559778,5.757326064057006
2.899046046046046,3.792751258721393,1.8224454652441588,5.7630570521986275
2.903084084084084,3.798439646686271,1.828088850579232,5.76879044279331
2.907122122122122,3.8041280346511277,1.833729833625812,5.7745262356764435
2.91116016016016,3.8098164226159614,1.8393684145572793,5.780264430674643
2.915198198198198,3.815504810580771,1.8450045935557824,5.78600502760576
2.919236236236236,3.8211931985455587,1.8506383708122376,5.79174802627888
2.923274274274274,3.8268815865103236,1.8562697465263196,5.797493426494327
2.927312312312312,3.8325699744750645,1.8618987209064601,5.803241228043669
2.93135035035035,3.8382583624397837,1.8675252941698472,5.80899143070972
2.9353883883883882,3.843946750404479,1.8731494665424135,5.814744034266544
2.9394264264264263,3.8496351383691527,1.878771238258843,5.820499038479462
2.9434644644644643,3.855323526333803,1.8843906095625553,5.82625644310505
2.9475025025025023,3.86101191429843,1.8900075807057086,5.832016247891151
2.9515405405405404,3.866700302263035,1.8956221519491956,5.837778452576874
2.9555785785785784,3.872388690227617,1.9012343235626321,5.843543056892601
2.9596166166166165,3.8780770781921743,1.9068440958243575,5.849310060559991
2.9636546546546545,3.8837654661567105,1.9124514690214314,5.85507946329199
2.9676926926926925,3.889453854121224,1.9180564434496226,5.860851264792825
2.9717307307307306,3.895142242085715,1.9236590194134073,5.866625464758022
2.9757687687687686,3.9008306300501814,1.9292591972259594,5.872402062874404
2.9798068068068067,3.9065190180146256,1.9348569772091553,5.878181058820096
2.9838448448448447,3.9122074059790464,1.9404523596935555,5.883962452264537
2.9878828828828827,3.9178957939434462,1.9460453450184076,5.889746242868485
2.9919209209209208,3.9235841819078208,1.9516359335316298,5.895532430284012
2.995958958958959,3.929272569872174,1.957224125589821,5.901321014154527
2.999996996996997,3.9349609578365037,1.9628099215582373,5.90711199411477
3.004035035035035,3.9406493458008116,1.9683933218107963,5.912905369790827
3.008073073073073,3.9463377337650942,1.973974326730063,5.918701140800126
3.012111111111111,3.952026121729356,1.9795529367072522,5.92449930675146
3.016149149149149,3.9577145096935937,1.9851291521422105,5.930299867244977
3.020187187187187,3.9634028976578093,1.9907029734434178,5.9361028218722005
3.024225225225225,3.9690912856220018,1.9962744010279747,5.941908170216029
3.028263263263263,3.9747796735861707,2.0018434353215957,5.947715911850746
3.032301301301301,3.9804680615503183,2.007410076758606,5.953526046342031
3.036339339339339,3.986156449514441,2.012974325781925,5.959338573246957
3.0403773773773772,3.991844837478542,2.018536182843068,5.965153492114016
3.0444154154154153,3.9975332254426204,2.024095648402131,5.97097080248311
3.0484534534534533,4.003221613406675,2.029652722927783,5.976790503885566
3.0524914914914913,4.008910001370706,2.035207406897264,5.982612595844149
3.0565295295295294,4.014598389334715,2.040759700796367,5.988437077873063
3.0605675675675674,4.020286777298701,2.046309605119438,5.994263949477965
3.0646056056056055,4.025975165262665,2.051857120369358,6.000093210155971
3.0686436436436435,4.031663553226605,2.0574022470575435,6.005924859395666
3.0726816816816815,4.037351941190523,2.062944985703929,6.011758896677117
3.0767197197197196,4.043040329154417,2.0684853368369627,6.017595321471871
3.0807577577577576,4.048728717118288,2.0740233009935958,6.02343413324298
3.0847957957957957,4.054417105082137,2.0795588787192725,6.029275331445001
3.0888338338338337,4.0601054930459615,2.0850920705679186,6.035118915524004
3.0928718718718717,4.065793881009765,2.0906228771019366,6.040964884917593
3.0969099099099098,4.0714822689735435,2.0961512988921864,6.0468132390549005
3.100947947947948,4.077170656937301,2.1016773365179877,6.052663977356614
3.104985985985986,4.082859044901034,2.1072009905670956,6.058517099234972
3.109024024024024,4.088547432864744,2.112722261635702,6.064372604093786
3.113062062062062,4.094235820828434,2.118241150328421,6.070230491328447
3.1171001001001,4.099924208792098,2.123757657258269,6.076090760325927
3.121138138138138,4.10561259675574,2.1292717830466694,6.08195341046481
3.125176176176176,4.1113009847193585,2.1347835283234318,6.087818441115285
3.129214214214214,4.116989372682954,2.140292893726741,6.093685851639167
3.133252252252252,4.122677760646527,2.1457998799031492,6.0995556413899035
3.13729029029029,4.128366148610077,2.1513044875075624,6.105427809712591
3.141328328328328,4.134054536573605,2.156806717203228,6.111302355943982
3.1453663663663662,4.139742924537108,2.1623065696617196,6.117179279412497
3.1494044044044043,4.145431312500589,2.167804045562938,6.12305857943824
3.1534424424424423,4.151119700464047,2.1732991455950836,6.128940255333011
3.1574804804804804,4.156808088427483,2.1787918704546527,6.134824306400313
3.1615185185185184,4.162496476390895,2.184282220846422,6.140710731935368
3.1655565565565564,4.168184864354285,2.18977019748344,6.14659953122513
3.1695945945945945,4.1738732523176525,2.195255801087008,6.152490703548297
3.1736326326326325,4.179561640280997,2.2007390323866707,6.158384248175323
3.1776706706706705,4.185250028244318,2.2062198921202065,6.16428016436843
3.1817087087087086,4.190938416207616,2.2116983810336084,6.170178451381624
3.1857467467467466,4.1966268041708945,2.217174499881077,6.176079108460712
3.1897847847847847,4.202315192134148,2.2226482494249966,6.1819821348433
3.1938228228228227,4.208003580097378,2.2281196304359328,6.187887529758823
3.1978608608608607,4.213691968060588,2.2335886436926202,6.193795292428556
3.201898898898899,4.219380356023774,2.239055289981934,6.199705422065614
3.205936936936937,4.225068743986938,2.2445195700988885,6.205617917874988
3.209974974974975,4.23075713195008,2.249981484846622,6.211532779053538
3.214013013013013,4.236445519913199,2.2554410350363776,6.217450004790021
3.218051051051051,4.242133907876298,2.260898221487495,6.2233695942651
3.222089089089089,4.247822295839372,2.2663530450273868,6.229291546651357
3.226127127127127,4.253510683802424,2.2718055064915355,6.235215861113312
3.230165165165165,4.259199071765454,2.277255606723471,6.241142536807437
3.234203203203203,4.264887459728463,2.2827033465747593,6.247071572882167
3.238241241241241,4.2705758476914495,2.288148726904983,6.253002968477916
3.242279279279279,4.276264235654414,2.2935917485817314,6.258936722727096
3.246317317317317,4.281952623617355,2.2990324124805825,6.264872834754127
3.2503553553553552,4.287641011580276,2.304470719485092,6.27081130367546
3.2543933933933933,4.293329399543174,2.3099066704867663,6.276752128599581
3.2584314314314313,4.299017787506051,2.3153402663850633,6.282695308627038
3.2624694694694694,4.304706175468905,2.320771508087361,6.288640842850448
3.2665075075075074,4.310394563431738,2.326200396508955,6.294588730354521
3.2705455455455454,4.316082951394549,2.3316269325730303,6.300538970216067
3.2745835835835835,4.321771339357338,2.337051117210656,6.30649156150402
3.2786216216216215,4.327459727320105,2.3424729513607616,6.312446503279448
3.2826596596596596,4.3331481152828495,2.347892435970123,6.318403794595576
3.2866976976976976,4.338836503245576,2.353309571993352,6.3243634344977995
3.2907357357357356,4.344524891208275,2.358724360392861,6.330325422023689
3.2947737737737737,4.3502132791709585,2.3641368021388782,6.336289756203039
3.2988118118118117,4.355901667133618,2.3695468982093937,6.342256436057842
3.3028498498498498,4.361590055096255,2.37495464959017,6.3482254606023405
3.306887887887888,4.36727844305887,2.380360057274713,6.354196828843028
3.310925925925926,4.372966831021466,2.385763122264262,6.36017053977867
3.314963963963964,4.378655218984041,2.391163845567764,6.366146592400318
3.319002002002002,4.384343606946593,2.396562228201857,6.372124985691329
3.32304004004004,4.3900319949091235,2.4019582711908605,6.378105718627387
3.327078078078078,4.395720382871632,2.407351975566751,6.384088790176513
3.331116116116116,4.401408770834123,2.4127433423691516,6.390074199299094
3.335154154154154,4.407097158796589,2.418132372645296,6.396061944947881
3.339192192192192,4.412785546759036,2.4235190674500373,6.402052026068034
3.34323023023023,4.418473934721461,2.428903427845806,6.408044441597116
3.347268268268268,4.424162322683865,2.4342854549026067,6.4140391904651235
3.351306306306306,4.429850710646247,2.43966514969799,6.420036271594503
3.3553443443443443,4.435539098608609,2.4450425133170457,6.426035683900172
3.3593823823823823,4.44122748657095,2.450417546852372,6.432037426289528
3.3634204204204203,4.446915874533271,2.4557902514040633,6.438041497662479
3.3674584584584584,4.452604262495569,2.4611606280796883,6.44404789691145
3.3714964964964964,4.458292650457848,2.466528677994277,6.4500566229214185
3.3755345345345344,4.463981038420107,2.471894402270297,6.456067674569916
3.3795725725725725,4.4696694263823415,2.4772578020376286,6.462081050727054
3.3836106106106105,4.47535781434456,2.4826188784335654,6.468096750255554
3.3876486486486486,4.481046202306754,2.4879776326027674,6.47411477201074
3.3916866866866866,4.486734590268929,2.4933340656972662,6.480135114840592
3.3957247247247246,4.492422978231083,2.4986881788764306,6.486157777585736
3.3997627627627627,4.498111366193216,2.504039973306952,6.49218275907948
3.4038008008008007,4.503799754155329,2.5093894501628276,6.498210058147831
3.4078388388388388,4.509488142117421,2.5147366106253326,6.50423967360951
3.411876876876877,4.5151765300794935,2.52008145588301,6.510271604275977
3.415914914914915,4.5208649180415454,2.5254239871316413,6.51630584895145
3.419952952952953,4.526553306003577,2.530764205574233,6.522342406432921
3.423990990990991,4.532241693965587,2.536102112420994,6.52838127551018
3.428029029029029,4.537930081927577,2.5414377088893154,6.5344224549658385
3.432067067067067,4.543618469889548,2.546770996203753,6.540465943575343
3.436105105105105,4.549306857851499,2.5521019755959973,6.546511740107
3.440143143143143,4.554995245813428,2.557430648304864,6.552559843321992
3.444181181181181,4.560683633775338,2.5627570155762704,6.558610251974406
3.448219219219219,4.566372021737228,2.5680810786632113,6.564662964811245
3.452257257257257,4.572060409699096,2.5734028388257375,6.570717980572455
3.4562952952952952,4.577748797660947,2.578722297330944,6.57677529799095
3.4603333333333333,4.583437185622774,2.584039455452933,6.582834915792615
3.4643713713713713,4.589125573584584,2.5893543144728133,6.5888968326963555
3.4684094094094093,4.594813961546374,2.594666875678658,6.59496104741409
3.4724474474474474,4.600502349508144,2.5999771403654988,6.601027558650789
3.4764854854854854,4.606190737469894,2.605285109835296,6.607096365104492
3.4805235235235235,4.611879125431623,2.610590785396921,6.613167465466326
3.4845615615615615,4.617567513393334,2.615894168366135,6.619240858420533
3.4885995995995995,4.623255901355024,2.6211952600655626,6.6253165426444856
3.4926376376376376,4.628944289316695,2.626494061824677,6.6313945168087125
3.4966756756756756,4.634632677278345,2.631790574979772,6.637474779576919
3.5007137137137136,4.640321065239976,2.637084800873944,6.643557329606009
3.5047517517517517,4.6460094532015885,2.6423767408570695,6.6496421655461075
3.5087897897897897,4.65169784116318,2.64766639628578,6.655729286040581
3.5128278278278278,4.657386229124754,2.6529537685234437,6.661818689726063
3.516865865865866,4.663074617086306,2.6582388589401402,6.667910375232473
3.520903903903904,4.668763005047841,2.6635216689126424,6.674004341183039
3.524941941941942,4.674451393009355,2.6688021998243885,6.680100586194322
3.52897997997998,4.68013978097085,2.674080453065463,6.686199108876238
3.533018018018018,4.685828168932326,2.6793564300325747,6.692299907832076
3.537056056056056,4.691516556893782,2.684630132129033,6.69840298165853
3.541094094094094,4.697204944855219,2.689901560764724,6.704508328945714
3.545132132132132,4.702893332816637,2.695170717356089,6.710615948277185
3.54917017017017,4.708581720778034,2.7004376033261006,6.7167258382299675
3.553208208208208,4.714270108739414,2.705702220104246,6.722837997374581
3.557246246246246,4.719958496700776,2.7109645691264936,6.728952424275057
3.5612842842842842,4.725646884662116,2.7162246518352733,6.735069117488959
3.5653223223223223,4.731335272623439,2.7214824696794624,6.741188075567416
3.5693603603603603,4.737023660584741,2.7267380241143475,6.747309297055136
3.5733983983983983,4.742712048546027,2.7319913166016168,6.753432780490437
3.5774364364364364,4.748400436507292,2.7372423486093207,6.7595585244052625
3.5814744744744744,4.754088824468539,2.7424911216118635,6.765686527325215
3.5855125125125125,4.759777212429767,2.7477376370899687,6.7718167877695645
3.5895505505505505,4.765465600390975,2.752981896530661,6.777949304251289
3.5935885885885885,4.771153988352165,2.758223901427244,6.784084075277087
3.5976266266266266,4.776842376313337,2.763463653279271,6.790221099347404
3.6016646646646646,4.782530764274491,2.7687011535925263,6.796360374956456
3.6057027027027027,4.788219152235625,2.7739364038789964,6.802501900592253
3.6097407407407407,4.79390754019674,2.779169405656854,6.808645674736626
3.6137787787787787,4.799595928157837,2.784400160450426,6.814791695865248
3.6178168168168168,4.805284316118915,2.789628669790175,6.820939962447656
3.621854854854855,4.810972704079975,2.7948549352126717,6.827090472947279
3.625892892892893,4.816661092041017,2.8000789582605736,6.833243225821461
3.629930930930931,4.82234948000204,2.805300740482597,6.839398219521483
3.633968968968969,4.828037867963045,2.8105202834335,6.845555452492589
3.638007007007007,4.833726255924031,2.8157375886740494,6.851714923174012
3.642045045045045,4.839414643884999,2.820952657771004,6.857876629998994
3.646083083083083,4.845103031845947,2.8261654922970822,6.864040571394812
3.650121121121121,4.85079141980688,2.831376093830951,6.870206745782809
3.654159159159159,4.856479807767794,2.8365844639571853,6.876375151578403
3.658197197197197,4.862168195728689,2.841790604266251,6.882545787191127
3.662235235235235,4.867856583689565,2.846994516354484,6.888718651024646
3.6662732732732732,4.873544971650426,2.852196201824065,6.894893741476786
3.6703113113113113,4.879233359611265,2.857395662282981,6.90107105693955
3.6743493493493493,4.884921747572089,2.8625928993450236,6.907250595799154
3.6783873873873874,4.890610135532893,2.8677879146297443,6.913432356436042
3.6824254254254254,4.896298523493679,2.872980709762441,6.919616337224918
3.6864634634634634,4.901986911454449,2.8781712863741298,6.925802536534768
3.6905015015015015,4.9076752994152,2.8833596461015194,6.931990952728881
3.6945395395395395,4.913363687375933,2.8885457905869854,6.938181584164882
3.6985775775775775,4.91905207533665,2.8937297214785493,6.94437442919475
3.7026156156156156,4.924740463297348,2.8989114404298495,6.950569486164847
3.7066536536536536,4.930428851258028,2.9040909491001177,6.956766753415938
3.7106916916916917,4.936117239218691,2.9092682491541555,6.962966229283227
3.7147297297297297,4.941805627179336,2.914443342262303,6.969167912096369
3.7187677677677677,4.947494015139963,2.9196162301004245,6.975371800179501
3.722805805805806,4.953182403100573,2.924786914349874,6.9815778918512725
3.726843843843844,4.958870791061167,2.9299553966974736,6.98778618542486
3.730881881881882,4.964559179021741,2.935121678835483,6.993996679207999
3.73491991991992,4.9702475669823,2.9402857624615883,7.000209371503011
3.738957957957958,4.975935954942842,2.945447649278859,7.006424260606825
3.742995995995996,4.981624342903365,2.950607340995732,7.012641344810999
3.747034034034034,4.987312730863874,2.9557648393259894,7.018860622401758
3.751072072072072,4.993001118824363,2.960920145988722,7.025082091660004
3.75511011011011,4.998689506784837,2.966073262708317,7.031305750861357
3.759148148148148,5.004377894745293,2.97122419121442,7.037531598276166
3.763186186186186,5.010066282705733,2.9763729332419206,7.043759632169545
3.767224224224224,5.015754670666156,2.9815194905309172,7.049989850801394
3.7712622622622622,5.021443058626563,2.9866638648266988,7.056222252426426
3.7753003003003003,5.027131446586952,2.9918060578797125,7.062456835294192
3.7793383383383383,5.032819834547325,2.996946071445547,7.068693597649103
3.7833763763763764,5.038508222507682,3.0020839072848973,7.074932537730467
3.7874144144144144,5.044196610468024,3.0072195671635464,7.081173653772502
3.7914524524524524,5.0498849984283485,3.0123530528523323,7.087416944004365
3.7954904904904905,5.055573386388657,3.01748436612713,7.093662406650184
3.7995285285285285,5.061261774348949,3.0226135087688206,7.099910039929078
3.8035665665665666,5.066950162309225,3.027740482563266,7.106159842055185
3.8076046046046046,5.072638550269486,3.0328652893012884,7.112411811237685
3.8116426426426426,5.078326938229731,3.037987930778634,7.118665945680828
3.8156806806806807,5.0840153261899586,3.0431084087959563,7.124922243583961
3.8197187187187187,5.089703714150171,3.0482267251587882,7.131180703141554
3.8237567567567567,5.095392102110369,3.053342881677515,7.137441322543223
3.827794794794795,5.10108049007055,3.058456880167344,7.143704099973756
3.831832832832833,5.1067688780307146,3.063568722448288,7.149969033613141
3.835870870870871,5.112457265990867,3.0686784103451368,7.156236121636597
3.839908908908909,5.118145653951,3.0737859456874173,7.162505362214583
3.843946946946947,5.12383404191112,3.078891330309394,7.168776753512846
3.847984984984985,5.1295224298712245,3.0839945660500163,7.175050293692433
3.852023023023023,5.135210817831313,3.08909565475291,7.181325980909715
3.856061061061061,5.140899205791387,3.0941945982663457,7.187603813316428
3.860099099099099,5.146587593751446,3.0992913984432096,7.193883789059681
3.864137137137137,5.152275981711489,3.1043860571409825,7.200165906281996
3.868175175175175,5.157964369671518,3.1094785762217105,7.206450163121326
3.8722132132132128,5.163652757631531,3.114568957551981,7.2127365577110805
3.876251251251251,5.16934114559153,3.1196572030028977,7.219025088180162
3.880289289289289,5.1750295335515135,3.124743314450048,7.225315752652979
3.884327327327327,5.180717921511484,3.129827293773486,7.231608549249481
3.888365365365365,5.1864063094714385,3.134909142857699,7.237903476085178
3.892403403403403,5.192094697431378,3.139988863591584,7.244200531271173
3.896441441441441,5.197783085391305,3.1450664578684244,7.250499712914186
3.900479479479479,5.2034714733512155,3.1501419275858584,7.256801019116573
3.904517517517517,5.209159861311113,3.155215274645859,7.2631044479763665
3.908555555555555,5.214848249270996,3.160286500954703,7.269409997587289
3.912593593593593,5.220536637230864,3.165355608422945,7.275717666038783
3.916631631631631,5.226225025190718,3.1704225989653967,7.28202745141604
3.9206696696696692,5.231913413150559,3.175487474501093,7.288339351800024
3.9247077077077073,5.237601801110385,3.180550236953272,7.294653365267498
3.9287457457457453,5.243290189070197,3.1856108882493466,7.300969489891047
3.9327837837837833,5.2489785770299955,3.1906694303208782,7.307287723739113
3.9368218218218214,5.25466696498978,3.19572586510355,7.31360806487601
3.9408598598598594,5.260355352949551,3.2007801945371446,7.3199305113619575
3.9448978978978975,5.266043740909308,3.20583242056551,7.326255061253105
3.9489359359359355,5.2717321288690515,3.2108825451365433,7.332581712601559
3.9529739739739735,5.277420516828782,3.215930570202158,7.338910463455406
3.9570120120120116,5.283108904788498,3.220976497718259,7.345241311858737
3.9610500500500496,5.288797292748201,3.2260203296447183,7.351574255851684
3.9650880880880877,5.294485680707891,3.2310620679453463,7.357909293470435
3.9691261261261257,5.300174068667567,3.2361017145878694,7.364246422747264
3.9731641641641637,5.3058624566272306,3.241139271543901,7.37058564171056
3.9772022022022018,5.31155084458688,3.2461747407889145,7.376926948384845
3.98124024024024,5.317239232546518,3.2512081243022224,7.383270340790814
3.985278278278278,5.322927620506144,3.2562394240669446,7.389615816945344
3.989316316316316,5.328616008465754,3.26126864206998,7.395963374861527
3.993354354354354,5.3343043964253525,3.2662957803019954,7.40231301254871
3.997392392392392,5.339992784384938,3.271320840757381,7.408664728012495
4.00143043043043,5.345681172344511,3.276343825434235,7.415018519254787
4.005468468468468,5.351369560304071,3.281364736334335,7.421374384273807
4.009506506506506,5.357057948263618,3.2863835754631134,7.427732321064123
4.013544544544544,5.362746336223153,3.2914003448296283,7.4340923276166775
4.017582582582582,5.368434724182676,3.2964150464465423,7.44045440191881
4.02162062062062,5.374123112142186,3.3014276823300888,7.446818541954284
4.025658658658658,5.379811500101683,3.306438254500055,7.453184745703311
4.029696696696696,5.38549988806117,3.3114467649797543,7.459553011142585
4.033734734734734,5.391188276020643,3.3164532157959914,7.465923336245295
4.037772772772772,5.396876663980104,3.3214576089790477,7.47229571898116
4.04181081081081,5.402565051939554,3.326459946562652,7.478670157316456
4.045848848848848,5.40825343989899,3.3314602305839496,7.485046649214031
4.0498868868868865,5.413941827858418,3.3364584630834866,7.491425192633349
4.0539249249249245,5.41963021581783,3.341454646105169,7.497805785530491
4.0579629629629625,5.425318603777231,3.346448781696255,7.504188425858207
4.062001001001001,5.431006991736622,3.3514408719073185,7.510573111565925
4.066039039039039,5.436695379696,3.3564309187922214,7.516959840599779
4.070077077077077,5.442383767655367,3.3614189244080936,7.523348610902641
4.074115115115115,5.448072155614723,3.366404890815307,7.529739420414138
4.078153153153153,5.453760543574067,3.3713888200774464,7.536132267070687
4.082191191191191,5.459448931533399,3.376370714261288,7.54252714880551
4.086229229229229,5.46513731949272,3.3813505754367688,7.548924063548671
4.090267267267267,5.47082570745203,3.3863284056769665,7.555323009227093
4.094305305305305,5.476514095411329,3.3913042070580715,7.561723983764587
4.098343343343343,5.482202483370616,3.3962779816593565,7.568126985081877
4.102381381381381,5.487890871329894,3.401249731563164,7.574532011096624
4.106419419419419,5.4935792592891595,3.4062194588548644,7.5809390597234545
4.110457457457457,5.499267647248414,3.411187165622843,7.587348128873984
4.114495495495495,5.504956035207657,3.4161528539584713,7.593759216456843
4.118533533533533,5.510644423166892,3.4211165259560805,7.600172320377704
4.122571571571571,5.516332811126114,3.426078183712931,7.606587438539297
4.126609609609609,5.522021199085326,3.4310378293291994,7.613004568841452
4.130647647647647,5.527709587044527,3.4359954649079447,7.61942370918111
4.134685685685685,5.533397975003718,3.4409510925550815,7.625844857452353
4.138723723723723,5.539086362962898,3.445904714379362,7.632268011546435
4.142761761761761,5.544774750922068,3.4508563324923434,7.638693169351793
4.146799799799799,5.550463138881228,3.455805949008371,7.645120328754086
4.150837837837837,5.556151526840377,3.4607535660445423,7.6515494876362125
4.1548758758758755,5.561839914799516,3.465699185720692,7.65798064387834
4.1589139139139135,5.567528302758645,3.4706428101593625,7.664413795357928
4.162951951951952,5.573216690717764,3.475584441485779,7.6708489399497495
4.16698998998999,5.578905078676875,3.480524081827825,7.677286075525924
4.171028028028028,5.5845934666359724,3.4854617333160127,7.683725199955932
4.175066066066066,5.590281854595061,3.4903973980834713,7.690166311106651
4.179104104104104,5.59597024255414,3.4953310782659073,7.696609406842372
4.183142142142142,5.60165863051321,3.500262776001589,7.703054485024831
4.18718018018018,5.60734701847227,3.5051924934313163,7.709501543513223
4.191218218218218,5.613035406431319,3.510120232698398,7.71595058016424
4.195256256256256,5.61872379439036,3.5150459959486318,7.722401592832088
4.199294294294294,5.62441218234939,3.51996978533027,7.728854579368511
4.203332332332332,5.630100570308413,3.524891602994004,7.735309537622822
4.20737037037037,5.635788958267424,3.529811451092932,7.741766465441916
4.211408408408408,5.641477346226428,3.5347293317825437,7.748225360670313
4.215446446446446,5.647165734185422,3.539645247220685,7.754686221150159
4.219484484484484,5.652854122144404,3.5445591995675403,7.761149044721268
4.223522522522522,5.658542510103381,3.5494711909856127,7.7676138292211485
4.22756056056056,5.664230898062347,3.5543812236396857,7.774080572485008
4.231598598598598,5.669919286021305,3.559289299696812,7.780549272345797
4.235636636636636,5.675607673980252,3.564195421326281,7.7870199266342235
4.239674674674674,5.681296061939191,3.5690995906996004,7.793492533178782
4.243712712712712,5.686984449898122,3.5740018099904693,7.799967089805775
4.24775075075075,5.692672837857044,3.578902081374753,7.806443594339335
4.251788788788788,5.698361225815957,3.5838004070304597,7.812922044601455
4.2558268268268264,5.7040496137748615,3.588696789137718,7.8194024384120056
4.2598648648648645,5.709738001733758,3.593591229878752,7.825884773588763
4.2639029029029025,5.715426389692644,3.5984837314378555,7.832369047947433
4.267940940940941,5.721114777651524,3.6033742960013724,7.838855259301675
4.271978978978979,5.726803165610394,3.6082629257576677,7.845343405463121
4.276017017017017,5.732491553569257,3.613149622897107,7.851833484241406
4.280055055055055,5.738179941528111,3.618034389612033,7.858325493444189
4.284093093093093,5.743868329486957,3.6229172280967386,7.864819430877175
4.288131131131131,5.7495567174457936,3.6277981405474464,7.871315294344141
4.292169169169169,5.755245105404623,3.6326771291622855,7.877813081646961
4.296207207207207,5.760933493363446,3.6375541961412665,7.884312790585625
4.300245245245245,5.7666218813222585,3.642429343686253,7.890814418958264
4.304283283283283,5.772310269281063,3.64730257400095,7.897317964561177
4.308321321321321,5.777998657239863,3.652173889290873,7.903823425188852
4.312359359359359,5.783687045198652,3.657043291763318,7.910330798633987
4.316397397397397,5.789375433157435,3.661910783627355,7.916840082687515
4.320435435435435,5.795063821116211,3.66677636709379,7.923351275138632
4.324473473473473,5.800752209074978,3.671640044375146,7.9298643737748105
4.328511511511511,5.806440597033737,3.676501817685645,7.936379376381829
4.332549549549549,5.81212898499249,3.68136168924118,7.942896280743799
4.336587587587587,5.817817372951235,3.6862196612592917,7.949415084643178
4.340625625625625,5.823505760909973,3.691075735959147,7.955935785860799
4.344663663663663,5.829194148868703,3.6959299155615155,7.962458382175891
4.348701701701701,5.8348825368274255,3.7007822022887473,7.968982871366103
4.352739739739739,5.840570924786143,3.705632598364754,7.975509251207533
4.356777777777777,5.84625931274485,3.7104811060149703,7.98203751947473
4.3608158158158155,5.851947700703553,3.715327727466358,7.988567673940748
4.3648538538538535,5.8576360886622485,3.7201724649473578,7.995099712377139
4.3688918918918915,5.863324476620937,3.7250153206878798,8.001633632553993
4.37292992992993,5.869012864579618,3.729856296919278,8.008169432239958
4.376967967967968,5.8747012525382925,3.7346953958743287,8.014707109202256
4.381006006006006,5.8803896404969604,3.7395326197872087,8.021246661206712
4.385044044044044,5.886078028455622,3.744367970893471,8.027788086017773
4.389082082082082,5.891766416414277,3.7492014514300216,8.034331381398532
4.39312012012012,5.897454804372927,3.7540330636351027,8.040876545110752
4.397158158158158,5.903143192331569,3.758862809748261,8.047423574914877
4.401196196196196,5.9088315802902045,3.7636906920103352,8.053972468570073
4.405234234234234,5.9145199682488325,3.7685167126634305,8.060523223834235
4.409272272272272,5.920208356207455,3.7733408739508967,8.067075838464014
4.41331031031031,5.925896744166073,3.778163178117305,8.07363031021484
4.417348348348348,5.931585132124685,3.7829836274084268,8.080186636840942
4.421386386386386,5.937273520083289,3.7878022240712084,8.086744816095369
4.425424424424424,5.942961908041887,3.792618970353759,8.093304845730016
4.429462462462462,5.948650296000482,3.797433868505322,8.09986672349564
4.4335005005005,5.954338683959068,3.802246920776249,8.106430447141888
4.437538538538538,5.960027071917649,3.8070581294179884,8.112996014417309
4.441576576576576,5.965715459876224,3.8118674966830572,8.11956342306939
4.445614614614614,5.971403847834794,3.8166750248250247,8.126132670844562
4.449652652652652,5.977092235793357,3.821480716098481,8.132703755488233
4.45369069069069,5.982780623751918,3.826284572759032,8.139276674744803
4.457728728728728,5.988469011710469,3.831086597063256,8.145851426357682
4.461766766766766,5.994157399669017,3.8358867912687074,8.152428008069327
4.4658048048048045,5.99984578762756,3.8406851576338776,8.159006417621242
4.4698428428428425,6.005534175586097,3.845481698418178,8.165586652754016
4.4738808808808805,6.011222563544629,3.8502764158819254,8.172168711207332
4.477918918918919,6.016910951503155,3.8550693122863113,8.178752590719998
4.481956956956957,6.022599339461677,3.859860389893392,8.185338289029962
4.485994994994995,6.028287727420194,3.864649650966056,8.191925803874332
4.490033033033033,6.033976115378706,3.8694370977680124,8.1985151329894
4.494071071071071,6.039664503337212,3.8742227325637653,8.205106274110658
4.498109109109109,6.045352891295714,3.8790065576185966,8.211699224972831
4.502147147147147,6.051041279254211,3.8837885751985426,8.21829398330988
4.506185185185185,6.056729667212704,3.8885687875703745,8.224890546855033
4.510223223223223,6.062418055171191,3.893347197001578,8.231488913340804
4.514261261261261,6.068106443129674,3.8981238057603336,8.238089080499014
4.518299299299299,6.073794831088152,3.902898616115497,8.244691046060808
4.522337337337337,6.079483219046626,3.9076716303365733,8.251294807756679
4.526375375375375,6.085171607005096,3.912442850693708,8.257900363316484
4.530413413413413,6.090859994963562,3.917212279457654,8.26450771046947
4.534451451451451,6.096548382922023,3.9219799188997597,8.271116846944286
4.538489489489489,6.102236770880479,3.9267457712919462,8.277727770469012
4.542527527527527,6.107925158838932,3.931509838906693,8.28434047877117
4.546565565565565,6.11361354679738,3.9362721240170067,8.290954969577752
4.550603603603603,6.119301934755824,3.941032628896413,8.297571240615234
4.554641641641641,6.1249903227142655,3.9457913558189306,8.3041892896096
4.558679679679679,6.1306787106727025,3.9505483070590524,8.310809114286354
4.562717717717717,6.136367098631135,3.9553034848917252,8.317430712370545
4.566755755755755,6.1420554865895625,3.960056891592333,8.324054081586791
4.5707937937937935,6.147743874547989,3.9648085294366817,8.330679219659295
4.5748318318318315,6.15343226250641,3.969558400700963,8.337306124311857
4.5788698698698695,6.159120650464828,3.974306507661757,8.3439347932679
4.582907907907908,6.164809038423243,3.9790528525959963,8.35056522425049
4.586945945945946,6.170497426381654,3.9837974377809537,8.357197414982354
4.590983983983984,6.176185814340062,3.9885402654942257,8.363831363185898
4.595022022022022,6.181874202298465,3.993281338013704,8.370467066583226
4.59906006006006,6.187562590256867,3.9980206576175736,8.377104522896161
4.603098098098098,6.193250978215264,4.00275822658427,8.383743729846259
4.607136136136136,6.198939366173659,4.0074940471924805,8.390384685154837
4.611174174174174,6.2046277541320505,4.012228121721122,8.397027386542979
4.615212212212212,6.21031614209044,4.016960452449313,8.403671831731566
4.61925025025025,6.216004530048825,4.021691041656361,8.41031801844129
4.623288288288288,6.221692918007208,4.026419891621747,8.416965944392668
4.627326326326326,6.2273813059655865,4.031147004625103,8.42361560730607
4.631364364364364,6.233069693923964,4.035872382946193,8.430267004901735
4.635402402402402,6.238758081882338,4.0405960288649005,8.436920134899776
4.63944044044044,6.24444646984071,4.045317944661203,8.443574995020217
4.643478478478478,6.250134857799079,4.050038132615155,8.450231582983003
4.647516516516516,6.255823245757446,4.054756595006875,8.456889896508017
4.651554554554554,6.261511633715811,4.059473334116527,8.463549933315095
4.655592592592592,6.267200021674173,4.06418835222429,8.470211691124055
4.65963063063063,6.272888409632531,4.06890165161036,8.4768751676547
4.663668668668668,6.2785767975908895,4.073613234554921,8.483540360626858
4.667706706706706,6.284265185549244,4.078323103338123,8.490207267760365
4.671744744744744,6.289953573507596,4.083031260240073,8.496875886775118
4.6757827827827825,6.295641961465947,4.087737707540818,8.503546215391076
4.6798208208208205,6.301330349424296,4.092442447520318,8.510218251328274
4.6838588588588586,6.307018737382642,4.097145482458435,8.51689199230685
4.687896896896897,6.312707125340987,4.101846814634918,8.523567436047056
4.691934934934935,6.31839551329933,4.106546446329382,8.530244580269278
4.695972972972973,6.324083901257671,4.111244379821288,8.536923422694054
4.700011011011011,6.32977228921601,4.115940617389935,8.543603961042086
4.704049049049049,6.33546067717435,4.120635161314432,8.550286193034268
4.708087087087087,6.341149065132686,4.125328013873688,8.556970116391684
4.712125125125125,6.3468374530910205,4.130019177346393,8.563655728835649
4.716163163163163,6.352525841049353,4.134708654011,8.570343028087706
4.720201201201201,6.358214229007686,4.139396446145716,8.577032011869656
4.724239239239239,6.3639026169660164,4.144082556028468,8.583722677903566
4.728277277277277,6.369591004924346,4.1487669859369065,8.590415023911785
4.732315315315315,6.375279392882675,4.153449738148375,8.597109047616975
4.736353353353353,6.380967780841002,4.1581308149398986,8.603804746742105
4.740391391391391,6.386656168799327,4.162810218588166,8.610502119010487
4.744429429429429,6.392344556757653,4.1674879513695195,8.617201162145786
4.748467467467467,6.398032944715977,4.1721640155599244,8.623901873872029
4.752505505505505,6.4037213326743,4.176838413434968,8.630604251913631
4.756543543543543,6.409409720632622,4.181511147269838,8.637308293995407
4.760581581581581,6.415098108590944,4.186182219339299,8.644013997842588
4.764619619619619,6.4207864965492645,4.19085163191769,8.650721361180839
4.768657657657657,6.426474884507584,4.195519387278897,8.657430381736273
4.772695695695695,6.432163272465904,4.200185487696345,8.664141057235463
4.7767337337337334,6.437851660424224,4.204849935442974,8.670853385405474
4.7807717717717715,6.443540048382543,4.209512732791233,8.677567363973854
4.7848098098098095,6.449228436340862,4.214173882013057,8.684282990668667
4.788847847847848,6.454916824299178,4.218833385379852,8.691000263218505
4.792885885885886,6.460605212257496,4.223491245162486,8.697719179352507
4.796923923923924,6.466293600215813,4.228147463631265,8.704439736800362
4.800961961961962,6.471981988174131,4.232802043055925,8.711161933292338
4.805,6.4776703761324494,4.237454985705609,8.71788576655929
